-17648.7 8.00469 7.01293 -2.66994 -0.171466 3.37507 0.335142 
-17648.7 8.00469 7.01293 -2.66994 -0.171466 3.37507 0.335142 
-17711.2 7.87354 7.00252 -2.64978 -0.178649 3.37602 -0.0138067 
-17711.2 7.87354 7.00252 -2.64978 -0.178649 3.37602 -0.0138067 
-17711.2 7.87354 7.00252 -2.64978 -0.178649 3.37602 -0.0138067 
-17711.2 7.87354 7.00252 -2.64978 -0.178649 3.37602 -0.0138067 
-18202.6 8.86706 7.00658 -2.61743 -0.341674 3.37827 0.285829 
-18202.6 8.86706 7.00658 -2.61743 -0.341674 3.37827 0.285829 
-18202.6 8.86706 7.00658 -2.61743 -0.341674 3.37827 0.285829 
-18202.6 8.86706 7.00658 -2.61743 -0.341674 3.37827 0.285829 
-18202.6 8.86706 7.00658 -2.61743 -0.341674 3.37827 0.285829 
-18202.6 8.86706 7.00658 -2.61743 -0.341674 3.37827 0.285829 
-18202.6 8.86706 7.00658 -2.61743 -0.341674 3.37827 0.285829 
-18202.6 8.86706 7.00658 -2.61743 -0.341674 3.37827 0.285829 
-18202.6 8.86706 7.00658 -2.61743 -0.341674 3.37827 0.285829 
-18202.6 8.86706 7.00658 -2.61743 -0.341674 3.37827 0.285829 
-18296.2 8.29916 7.00674 -2.44121 -0.411607 3.37729 0.262065 
-18296.2 8.29916 7.00674 -2.44121 -0.411607 3.37729 0.262065 
-18296.2 8.29916 7.00674 -2.44121 -0.411607 3.37729 0.262065 
-18296.2 8.29916 7.00674 -2.44121 -0.411607 3.37729 0.262065 
-18330.9 8.69936 7.00776 -2.54375 -0.34315 3.37669 0.39234 
-18330.9 8.69936 7.00776 -2.54375 -0.34315 3.37669 0.39234 
-18330.9 8.69936 7.00776 -2.54375 -0.34315 3.37669 0.39234 
-18387.1 8.64798 7.00717 -2.59259 -0.329259 3.37745 0.27697 
-18387.1 8.64798 7.00717 -2.59259 -0.329259 3.37745 0.27697 
-18398.6 8.46331 7.00735 -2.59142 -0.289265 3.37631 0.247928 
-18401.9 8.52481 7.01004 -2.57779 -0.345251 3.37712 0.266293 
-18431.8 8.81079 7.00973 -2.69839 -0.242517 3.37643 0.33336 
-18431.8 8.81079 7.00973 -2.69839 -0.242517 3.37643 0.33336 
-18431.8 8.81079 7.00973 -2.69839 -0.242517 3.37643 0.33336 
-18453 8.78108 7.0094 -2.60107 -0.335147 3.37709 0.304114 
-18453 8.78108 7.0094 -2.60107 -0.335147 3.37709 0.304114 
-18455.1 8.65022 7.01129 -2.63032 -0.291946 3.37624 0.288487 
-18455.1 8.65022 7.01129 -2.63032 -0.291946 3.37624 0.288487 
-18473 8.95981 7.01054 -2.68031 -0.272707 3.37663 0.33427 
-18473.1 8.92378 7.01131 -2.64995 -0.293411 3.37651 0.38379 
-18473.1 8.92378 7.01131 -2.64995 -0.293411 3.37651 0.38379 
-18473.1 8.92378 7.01131 -2.64995 -0.293411 3.37651 0.38379 
-18475.1 9.00356 7.01209 -2.71438 -0.255885 3.37634 0.356807 
-18480.8 8.82347 7.01027 -2.63204 -0.309901 3.37683 0.320283 
-18484.2 8.77248 7.01113 -2.64681 -0.289797 3.37645 0.315119 
-18484.2 8.77248 7.01113 -2.64681 -0.289797 3.37645 0.315119 
-18484.5 8.87753 7.01131 -2.65111 -0.302333 3.37679 0.335243 
-18508.8 8.76367 7.01299 -2.61482 -0.331697 3.37652 0.36244 
-18508.8 8.76367 7.01299 -2.61482 -0.331697 3.37652 0.36244 
-18508.8 8.76367 7.01299 -2.61482 -0.331697 3.37652 0.36244 
-18508.8 8.76367 7.01299 -2.61482 -0.331697 3.37652 0.36244 
-18508.8 8.76367 7.01299 -2.61482 -0.331697 3.37652 0.36244 
-18508.8 8.76367 7.01299 -2.61482 -0.331697 3.37652 0.36244 
-18516 8.6946 7.01482 -2.59549 -0.35851 3.37639 0.329926 
-18517.4 8.78236 7.01394 -2.58991 -0.356165 3.37654 0.381699 
-18524.1 8.90259 7.0174 -2.64532 -0.337877 3.37609 0.416391 
-18526.3 8.72775 7.01654 -2.59243 -0.371009 3.37633 0.386508 
-18526.3 8.72775 7.01654 -2.59243 -0.371009 3.37633 0.386508 
-18558.5 8.69892 7.0182 -2.53876 -0.426452 3.37631 0.440557 
-18558.5 8.69892 7.0182 -2.53876 -0.426452 3.37631 0.440557 
-18558.5 8.69892 7.0182 -2.53876 -0.426452 3.37631 0.440557 
-18558.5 8.69892 7.0182 -2.53876 -0.426452 3.37631 0.440557 
-18558.5 8.69892 7.0182 -2.53876 -0.426452 3.37631 0.440557 
-18578.9 8.53622 7.02233 -2.44235 -0.529541 3.37638 0.489184 
-18580 8.79013 7.02694 -2.47309 -0.542543 3.37593 0.600289 
-18580 8.79013 7.02694 -2.47309 -0.542543 3.37593 0.600289 
-18588.2 8.37064 7.02898 -2.34346 -0.645998 3.37584 0.544016 
-18588.2 8.37064 7.02898 -2.34346 -0.645998 3.37584 0.544016 
-18590.5 8.22263 7.03348 -2.16407 -0.820707 3.37611 0.733984 
-18609.8 8.33026 7.03407 -2.21801 -0.784118 3.37602 0.691565 
-18628.5 8.04393 7.04083 -2.08591 -0.94115 3.37589 0.736104 
-18628.5 8.04393 7.04083 -2.08591 -0.94115 3.37589 0.736104 
-18628.5 8.04393 7.04083 -2.08591 -0.94115 3.37589 0.736104 
-18628.5 8.04393 7.04083 -2.08591 -0.94115 3.37589 0.736104 
-18628.5 8.04393 7.04083 -2.08591 -0.94115 3.37589 0.736104 
-18631.3 8.09586 7.03903 -2.13144 -0.890133 3.37583 0.656868 
-18631.3 8.09586 7.03903 -2.13144 -0.890133 3.37583 0.656868 
-18631.3 8.09586 7.03903 -2.13144 -0.890133 3.37583 0.656868 
-18631.3 8.09586 7.03903 -2.13144 -0.890133 3.37583 0.656868 
-18631.6 7.69335 7.04576 -1.88495 -1.13444 3.37618 0.773946 
-18637 8.34629 7.03601 -2.25292 -0.782007 3.37597 0.637767 
-18637 8.34629 7.03601 -2.25292 -0.782007 3.37597 0.637767 
-18637 8.34629 7.03601 -2.25292 -0.782007 3.37597 0.637767 
-18655.7 8.10626 7.03884 -2.11341 -0.91092 3.37615 0.619104 
-18655.7 8.10626 7.03884 -2.11341 -0.91092 3.37615 0.619104 
-18655.7 8.10626 7.03884 -2.11341 -0.91092 3.37615 0.619104 
-18655.7 8.10626 7.03884 -2.11341 -0.91092 3.37615 0.619104 
-18655.7 8.10626 7.03884 -2.11341 -0.91092 3.37615 0.619104 
-18655.7 8.10626 7.03884 -2.11341 -0.91092 3.37615 0.619104 
-18657 8.35706 7.03537 -2.26151 -0.779651 3.37635 0.497386 
-18659.9 8.02896 7.04427 -2.02443 -1.02531 3.3762 0.650465 
-18659.9 8.02896 7.04427 -2.02443 -1.02531 3.3762 0.650465 
-18659.9 8.02896 7.04427 -2.02443 -1.02531 3.3762 0.650465 
-18669.6 8.3219 7.03997 -2.22238 -0.85382 3.37627 0.466014 
-18669.6 8.3219 7.03997 -2.22238 -0.85382 3.37627 0.466014 
-18669.6 8.48701 7.03731 -2.30333 -0.768456 3.37626 0.441479 
-18673.4 8.316 7.04086 -2.18587 -0.891182 3.37646 0.518235 
-18677.7 8.23392 7.04699 -2.09145 -1.00812 3.3761 0.568703 
-18684.8 8.30636 7.04146 -2.18444 -0.902249 3.37657 0.386811 
-18684.8 8.30636 7.04146 -2.18444 -0.902249 3.37657 0.386811 
-18684.8 8.30636 7.04146 -2.18444 -0.902249 3.37657 0.386811 
-18684.8 8.30636 7.04146 -2.18444 -0.902249 3.37657 0.386811 
-18684.8 8.30636 7.04146 -2.18444 -0.902249 3.37657 0.386811 
-18684.8 8.30636 7.04146 -2.18444 -0.902249 3.37657 0.386811 
-18690.4 8.14651 7.0493 -2.06303 -1.04715 3.37597 0.483064 
-18690.4 8.14651 7.0493 -2.06303 -1.04715 3.37597 0.483064 
-18695.8 8.33241 7.05418 -2.09814 -1.07939 3.37614 0.392411 
-18703 8.43116 7.04209 -2.21674 -0.874983 3.37614 0.298106 
-18703 8.43116 7.04209 -2.21674 -0.874983 3.37614 0.298106 
-18703.9 8.43142 7.04323 -2.24556 -0.873368 3.37634 0.224292 
-18725.9 8.29792 7.05471 -2.09405 -1.09062 3.37609 0.0953566 
-18725.9 8.29792 7.05471 -2.09405 -1.09062 3.37609 0.0953566 
-18725.9 8.29792 7.05471 -2.09405 -1.09062 3.37609 0.0953566 
-18725.9 8.29792 7.05471 -2.09405 -1.09062 3.37609 0.0953566 
-18725.9 8.29792 7.05471 -2.09405 -1.09062 3.37609 0.0953566 
-18725.9 8.29792 7.05471 -2.09405 -1.09062 3.37609 0.0953566 
-18725.9 8.29792 7.05471 -2.09405 -1.09062 3.37609 0.0953566 
-18725.9 8.29792 7.05471 -2.09405 -1.09062 3.37609 0.0953566 
-18727.8 8.24201 7.05026 -2.10424 -1.02807 3.37582 0.158686 
-18727.8 8.24201 7.05026 -2.10424 -1.02807 3.37582 0.158686 
-18727.8 8.24201 7.05026 -2.10424 -1.02807 3.37582 0.158686 
-18728.9 8.4032 7.04655 -2.19694 -0.939481 3.3762 0.0296734 
-18728.9 8.4032 7.04655 -2.19694 -0.939481 3.3762 0.0296734 
-18730 8.40105 7.04853 -2.18489 -0.964731 3.37612 0.115836 
-18730 8.40105 7.04853 -2.18489 -0.964731 3.37612 0.115836 
-18731.6 8.38219 7.04641 -2.19015 -0.935212 3.37602 0.0600693 
-18731.6 8.38219 7.04641 -2.19015 -0.935212 3.37602 0.0600693 
-18731.6 8.38219 7.04641 -2.19015 -0.935212 3.37602 0.0600693 
-18733.3 8.31309 7.04923 -2.1418 -0.996025 3.37595 0.107034 
-18733.3 8.31309 7.04923 -2.1418 -0.996025 3.37595 0.107034 
-18733.3 8.31309 7.04923 -2.1418 -0.996025 3.37595 0.107034 
-18733.3 8.31309 7.04923 -2.1418 -0.996025 3.37595 0.107034 
-18733.3 8.31309 7.04923 -2.1418 -0.996025 3.37595 0.107034 
-18733.3 8.31309 7.04923 -2.1418 -0.996025 3.37595 0.107034 
-18733.7 8.30441 7.04999 -2.13488 -1.01062 3.37602 0.0622917 
-18733.7 8.30441 7.04999 -2.13488 -1.01062 3.37602 0.0622917 
-18734 8.27314 7.04825 -2.13691 -0.988585 3.37593 0.0635132 
-18734.3 8.29242 7.04758 -2.15007 -0.97555 3.37603 0.086967 
-18734.3 8.29242 7.04758 -2.15007 -0.97555 3.37603 0.086967 
-18734.4 8.29535 7.04845 -2.14085 -0.991547 3.37604 0.052807 
-18734.4 8.29535 7.04845 -2.14085 -0.991547 3.37604 0.052807 
-18734.4 8.29535 7.04845 -2.14085 -0.991547 3.37604 0.052807 
-18734.6 8.24141 7.04959 -2.11431 -1.01985 3.37599 0.0753653 
-18734.6 8.24141 7.04959 -2.11431 -1.01985 3.37599 0.0753653 
-18734.6 8.24141 7.04959 -2.11431 -1.01985 3.37599 0.0753653 
-18734.7 8.28331 7.0478 -2.14304 -0.985309 3.37609 0.0726735 
-18734.7 8.28331 7.0478 -2.14304 -0.985309 3.37609 0.0726735 
-18734.7 8.28331 7.0478 -2.14304 -0.985309 3.37609 0.0726735 
-18734.8 8.2102 7.04914 -2.10147 -1.0244 3.37601 0.0886452 
-18735 8.23974 7.04842 -2.12183 -1.00332 3.376 0.079688 
-18735 8.23974 7.04842 -2.12183 -1.00332 3.376 0.079688 
-18735 8.23974 7.04842 -2.12183 -1.00332 3.376 0.079688 
-18735 8.23974 7.04842 -2.12183 -1.00332 3.376 0.079688 
-18735 8.23974 7.04842 -2.12183 -1.00332 3.376 0.079688 
-18735 8.23974 7.04842 -2.12183 -1.00332 3.376 0.079688 
-18735 8.23974 7.04842 -2.12183 -1.00332 3.376 0.079688 
-18735 8.23974 7.04842 -2.12183 -1.00332 3.376 0.079688 
-18735.2 8.22942 7.04873 -2.11331 -1.01378 3.37605 0.0747119 
-18735.2 8.22942 7.04873 -2.11331 -1.01378 3.37605 0.0747119 
-18735.2 8.22942 7.04873 -2.11331 -1.01378 3.37605 0.0747119 
-18735.2 8.22942 7.04873 -2.11331 -1.01378 3.37605 0.0747119 
-18735.2 8.22942 7.04873 -2.11331 -1.01378 3.37605 0.0747119 
-18735.2 8.22942 7.04873 -2.11331 -1.01378 3.37605 0.0747119 
-18735.2 8.22942 7.04873 -2.11331 -1.01378 3.37605 0.0747119 
-18735.2 8.22942 7.04873 -2.11331 -1.01378 3.37605 0.0747119 
-18735.2 8.22942 7.04873 -2.11331 -1.01378 3.37605 0.0747119 
-18735.3 8.21626 7.04826 -2.1098 -1.0113 3.37605 0.0791649 
-18735.3 8.21626 7.04826 -2.1098 -1.0113 3.37605 0.0791649 
-18735.3 8.21626 7.04826 -2.1098 -1.0113 3.37605 0.0791649 
-18735.3 8.21626 7.04826 -2.1098 -1.0113 3.37605 0.0791649 
-18735.3 8.21626 7.04826 -2.1098 -1.0113 3.37605 0.0791649 
-18735.3 8.21626 7.04826 -2.1098 -1.0113 3.37605 0.0791649 
-18735.3 8.21626 7.04826 -2.1098 -1.0113 3.37605 0.0791649 
-18735.3 8.23458 7.04814 -2.11912 -1.00392 3.37605 0.0744733 
-18735.3 8.23458 7.04814 -2.11912 -1.00392 3.37605 0.0744733 
-18735.3 8.23458 7.04814 -2.11912 -1.00392 3.37605 0.0744733 
-18735.4 8.22117 7.04809 -2.11318 -1.00731 3.37605 0.0763482 
-18735.4 8.22117 7.04809 -2.11318 -1.00731 3.37605 0.0763482 
-18735.4 8.22117 7.04809 -2.11318 -1.00731 3.37605 0.0763482 
-18735.4 8.22117 7.04809 -2.11318 -1.00731 3.37605 0.0763482 
-18735.4 8.22117 7.04809 -2.11318 -1.00731 3.37605 0.0763482 
-18735.4 8.22117 7.04809 -2.11318 -1.00731 3.37605 0.0763482 
-18735.4 8.22117 7.04809 -2.11318 -1.00731 3.37605 0.0763482 
-18735.4 8.22117 7.04809 -2.11318 -1.00731 3.37605 0.0763482 
-18735.4 8.22117 7.04809 -2.11318 -1.00731 3.37605 0.0763482 
-18735.4 8.22117 7.04809 -2.11318 -1.00731 3.37605 0.0763482 
-18735.4 8.22117 7.04809 -2.11318 -1.00731 3.37605 0.0763482 
-18735.4 8.22117 7.04809 -2.11318 -1.00731 3.37605 0.0763482 
-18735.4 8.22117 7.04809 -2.11318 -1.00731 3.37605 0.0763482 
-18735.4 8.22117 7.04809 -2.11318 -1.00731 3.37605 0.0763482 
-18735.4 8.22117 7.04809 -2.11318 -1.00731 3.37605 0.0763482 
-18735.4 8.22117 7.04809 -2.11318 -1.00731 3.37605 0.0763482 
-18735.4 8.22117 7.04809 -2.11318 -1.00731 3.37605 0.0763482 
-18735.4 8.22117 7.04809 -2.11318 -1.00731 3.37605 0.0763482 
-18735.4 8.22117 7.04809 -2.11318 -1.00731 3.37605 0.0763482 
-18735.4 8.22117 7.04809 -2.11318 -1.00731 3.37605 0.0763482 
-18735.4 8.22117 7.04809 -2.11318 -1.00731 3.37605 0.0763482 
-18735.4 8.22246 7.04815 -2.11319 -1.00803 3.37605 0.0768378 
-18735.4 8.22246 7.04815 -2.11319 -1.00803 3.37605 0.0768378 
-18735.4 8.22246 7.04815 -2.11319 -1.00803 3.37605 0.0768378 
-18735.4 8.22246 7.04815 -2.11319 -1.00803 3.37605 0.0768378 
-18735.4 8.22246 7.04815 -2.11319 -1.00803 3.37605 0.0768378 
-18735.4 8.21636 7.04827 -2.10963 -1.01174 3.37605 0.0774055 
-18735.4 8.21636 7.04827 -2.10963 -1.01174 3.37605 0.0774055 
-18735.4 8.21636 7.04827 -2.10963 -1.01174 3.37605 0.0774055 
-18735.4 8.21896 7.04813 -2.11171 -1.00879 3.37605 0.0767999 
-18735.4 8.21896 7.04813 -2.11171 -1.00879 3.37605 0.0767999 
-18735.4 8.21766 7.0482 -2.11067 -1.01027 3.37605 0.0771027 
-18735.4 8.21766 7.0482 -2.11067 -1.01027 3.37605 0.0771027 
-18735.4 8.21766 7.0482 -2.11067 -1.01027 3.37605 0.0771027 
-18735.4 8.21766 7.0482 -2.11067 -1.01027 3.37605 0.0771027 
-18735.4 8.21766 7.0482 -2.11067 -1.01027 3.37605 0.0771027 
-18735.4 8.21766 7.0482 -2.11067 -1.01027 3.37605 0.0771027 
-18735.4 8.21648 7.0482 -2.11002 -1.01078 3.37605 0.0774103 
-18735.4 8.21648 7.0482 -2.11002 -1.01078 3.37605 0.0774103 
-18735.4 8.21648 7.0482 -2.11002 -1.01078 3.37605 0.0774103 
-18735.4 8.21648 7.0482 -2.11002 -1.01078 3.37605 0.0774103 
-18735.4 8.21648 7.0482 -2.11002 -1.01078 3.37605 0.0774103 
-18735.4 8.21648 7.0482 -2.11002 -1.01078 3.37605 0.0774103 
-18735.4 8.21648 7.0482 -2.11002 -1.01078 3.37605 0.0774103 
-18735.4 8.21648 7.0482 -2.11002 -1.01078 3.37605 0.0774103 
-18735.4 8.21648 7.0482 -2.11002 -1.01078 3.37605 0.0774103 
-18735.4 8.21648 7.0482 -2.11002 -1.01078 3.37605 0.0774103 
-18735.4 8.21648 7.0482 -2.11002 -1.01078 3.37605 0.0774103 
-18735.4 8.21648 7.0482 -2.11002 -1.01078 3.37605 0.0774103 
-18735.4 8.21648 7.0482 -2.11002 -1.01078 3.37605 0.0774103 
-18735.4 8.21648 7.0482 -2.11002 -1.01078 3.37605 0.0774103 
-18735.4 8.21648 7.0482 -2.11002 -1.01078 3.37605 0.0774103 
-18735.4 8.21648 7.0482 -2.11002 -1.01078 3.37605 0.0774103 
-18735.4 8.21648 7.0482 -2.11002 -1.01078 3.37605 0.0774103 
-18735.4 8.21648 7.0482 -2.11002 -1.01078 3.37605 0.0774103 
-18735.4 8.21648 7.0482 -2.11002 -1.01078 3.37605 0.0774103 
-18735.4 8.21648 7.0482 -2.11002 -1.01078 3.37605 0.0774103 
-18735.4 8.21648 7.0482 -2.11002 -1.01078 3.37605 0.0774103 
-18735.4 8.21666 7.0482 -2.11008 -1.01076 3.37605 0.0774038 
-18735.4 8.21666 7.0482 -2.11008 -1.01076 3.37605 0.0774038 
-18735.4 8.21666 7.0482 -2.11008 -1.01076 3.37605 0.0774038 
-18735.4 8.21666 7.0482 -2.11008 -1.01076 3.37605 0.0774038 
-18735.4 8.21666 7.0482 -2.11008 -1.01076 3.37605 0.0774038 
-18735.4 8.21666 7.0482 -2.11008 -1.01076 3.37605 0.0774038 
-18735.4 8.21666 7.0482 -2.11008 -1.01076 3.37605 0.0774038 
-18735.4 8.21666 7.0482 -2.11008 -1.01076 3.37605 0.0774038 
-18735.4 8.21666 7.0482 -2.11008 -1.01076 3.37605 0.0774038 
-18735.4 8.21666 7.0482 -2.11008 -1.01076 3.37605 0.0774038 
-18735.4 8.21666 7.0482 -2.11008 -1.01076 3.37605 0.0774038 
-18735.4 8.21666 7.0482 -2.11008 -1.01076 3.37605 0.0774038 
-18735.4 8.21666 7.0482 -2.11008 -1.01076 3.37605 0.0774038 
-18735.4 8.21666 7.0482 -2.11008 -1.01076 3.37605 0.0774038 
-18735.4 8.21666 7.0482 -2.11008 -1.01076 3.37605 0.0774038 
-18735.4 8.21666 7.0482 -2.11008 -1.01076 3.37605 0.0774038 
-18735.4 8.21666 7.0482 -2.11008 -1.01076 3.37605 0.0774038 
-18735.4 8.21668 7.0482 -2.11009 -1.01075 3.37605 0.0774004 
-18735.4 8.21668 7.0482 -2.11009 -1.01075 3.37605 0.0774004 
-18735.4 8.21668 7.0482 -2.11009 -1.01075 3.37605 0.0774004 
-18735.4 8.21668 7.0482 -2.11009 -1.01075 3.37605 0.0774004 
-18735.4 8.21668 7.0482 -2.11009 -1.01075 3.37605 0.0774004 
