1.24906e+06 7.91589 7.00279 -0.0164626 -3.22997 3.3691 0.188694 
1.24906e+06 7.91589 7.00279 -0.0164626 -3.22997 3.3691 0.188694 
34381.5 7.54211 7.00996 -0.727404 -2.66711 3.36255 -0.27166 
34381.5 7.54211 7.00996 -0.727404 -2.66711 3.36255 -0.27166 
-16290 7.06985 7.00566 -0.887365 -3.46621 3.36495 0.320624 
-16290 7.06985 7.00566 -0.887365 -3.46621 3.36495 0.320624 
-16290 7.06985 7.00566 -0.887365 -3.46621 3.36495 0.320624 
-16290 7.06985 7.00566 -0.887365 -3.46621 3.36495 0.320624 
-16290 7.06985 7.00566 -0.887365 -3.46621 3.36495 0.320624 
-16290 7.06985 7.00566 -0.887365 -3.46621 3.36495 0.320624 
-16290 7.06985 7.00566 -0.887365 -3.46621 3.36495 0.320624 
-16290 7.06985 7.00566 -0.887365 -3.46621 3.36495 0.320624 
-16822.9 6.85545 6.99984 -1.01336 -3.7865 3.37326 0.250186 
-16822.9 6.85545 6.99984 -1.01336 -3.7865 3.37326 0.250186 
-17890.2 7.4732 7.00856 -1.0316 -3.47701 3.37406 0.492745 
-17890.2 7.4732 7.00856 -1.0316 -3.47701 3.37406 0.492745 
-17890.2 7.4732 7.00856 -1.0316 -3.47701 3.37406 0.492745 
-17890.2 7.4732 7.00856 -1.0316 -3.47701 3.37406 0.492745 
-17890.2 7.4732 7.00856 -1.0316 -3.47701 3.37406 0.492745 
-18117.2 7.32405 7.00012 -0.884866 -3.44041 3.37305 0.366445 
-18117.2 7.32405 7.00012 -0.884866 -3.44041 3.37305 0.366445 
-18117.2 7.32405 7.00012 -0.884866 -3.44041 3.37305 0.366445 
-18117.2 7.32405 7.00012 -0.884866 -3.44041 3.37305 0.366445 
-18117.2 7.32405 7.00012 -0.884866 -3.44041 3.37305 0.366445 
-18249.2 7.3513 7.00297 -0.92964 -3.26448 3.37603 0.247713 
-18249.2 7.3513 7.00297 -0.92964 -3.26448 3.37603 0.247713 
-18347.5 7.29651 7.00448 -1.00527 -3.00632 3.37434 0.167063 
-18347.5 7.29651 7.00448 -1.00527 -3.00632 3.37434 0.167063 
-18347.5 7.29651 7.00448 -1.00527 -3.00632 3.37434 0.167063 
-18347.5 7.29651 7.00448 -1.00527 -3.00632 3.37434 0.167063 
-18347.5 7.29651 7.00448 -1.00527 -3.00632 3.37434 0.167063 
-18347.5 7.29651 7.00448 -1.00527 -3.00632 3.37434 0.167063 
-18347.5 7.29651 7.00448 -1.00527 -3.00632 3.37434 0.167063 
-18347.5 7.29651 7.00448 -1.00527 -3.00632 3.37434 0.167063 
-18347.5 7.29651 7.00448 -1.00527 -3.00632 3.37434 0.167063 
-18347.5 7.29651 7.00448 -1.00527 -3.00632 3.37434 0.167063 
-18347.5 7.29651 7.00448 -1.00527 -3.00632 3.37434 0.167063 
-18347.5 7.29651 7.00448 -1.00527 -3.00632 3.37434 0.167063 
-18347.5 7.29651 7.00448 -1.00527 -3.00632 3.37434 0.167063 
-18347.5 7.29651 7.00448 -1.00527 -3.00632 3.37434 0.167063 
-18368.9 7.37722 7.00637 -1.06 -2.89807 3.37447 0.160406 
-18368.9 7.37722 7.00637 -1.06 -2.89807 3.37447 0.160406 
-18486.7 7.22304 7.00555 -1.13059 -2.6394 3.37476 -0.126977 
-18486.7 7.22304 7.00555 -1.13059 -2.6394 3.37476 -0.126977 
-18486.7 7.22304 7.00555 -1.13059 -2.6394 3.37476 -0.126977 
-18486.7 7.22304 7.00555 -1.13059 -2.6394 3.37476 -0.126977 
-18486.7 7.22304 7.00555 -1.13059 -2.6394 3.37476 -0.126977 
-18571 7.1996 7.00922 -1.31539 -2.01201 3.37512 -0.429215 
-18609.2 7.09199 7.0067 -1.24242 -2.15635 3.37494 -0.42034 
-18609.2 7.09199 7.0067 -1.24242 -2.15635 3.37494 -0.42034 
-18609.2 7.09199 7.0067 -1.24242 -2.15635 3.37494 -0.42034 
-18648.8 7.14747 7.00701 -1.28722 -2.12988 3.37599 -0.469825 
-18648.8 7.14747 7.00701 -1.28722 -2.12988 3.37599 -0.469825 
-18648.8 7.14747 7.00701 -1.28722 -2.12988 3.37599 -0.469825 
-18648.8 7.14747 7.00701 -1.28722 -2.12988 3.37599 -0.469825 
-18648.8 7.14747 7.00701 -1.28722 -2.12988 3.37599 -0.469825 
-18699.5 7.0724 7.00922 -1.37021 -1.87184 3.37566 -0.609876 
-18699.5 7.0724 7.00922 -1.37021 -1.87184 3.37566 -0.609876 
-18699.5 7.0724 7.00922 -1.37021 -1.87184 3.37566 -0.609876 
-18704.8 7.08588 7.0089 -1.39977 -1.89203 3.37577 -0.649917 
-18704.8 7.08588 7.0089 -1.39977 -1.89203 3.37577 -0.649917 
-18704.8 7.08588 7.0089 -1.39977 -1.89203 3.37577 -0.649917 
-18704.8 7.08588 7.0089 -1.39977 -1.89203 3.37577 -0.649917 
-18708.5 7.02087 7.01011 -1.42698 -1.74921 3.37556 -0.728776 
-18708.5 7.02087 7.01011 -1.42698 -1.74921 3.37556 -0.728776 
-18708.5 7.02087 7.01011 -1.42698 -1.74921 3.37556 -0.728776 
-18708.5 7.02087 7.01011 -1.42698 -1.74921 3.37556 -0.728776 
-18708.5 7.02087 7.01011 -1.42698 -1.74921 3.37556 -0.728776 
-18708.5 7.02087 7.01011 -1.42698 -1.74921 3.37556 -0.728776 
-18708.5 7.02087 7.01011 -1.42698 -1.74921 3.37556 -0.728776 
-18714 7.04267 7.00929 -1.41032 -1.8267 3.37592 -0.694531 
-18714 7.04267 7.00929 -1.41032 -1.8267 3.37592 -0.694531 
-18714 7.04267 7.00929 -1.41032 -1.8267 3.37592 -0.694531 
-18714 7.04267 7.00929 -1.41032 -1.8267 3.37592 -0.694531 
-18715.5 7.04144 7.00999 -1.42307 -1.79884 3.37558 -0.68887 
-18715.5 7.04144 7.00999 -1.42307 -1.79884 3.37558 -0.68887 
-18717.6 7.02903 7.01039 -1.42777 -1.7599 3.37567 -0.705663 
-18717.6 7.02903 7.01039 -1.42777 -1.7599 3.37567 -0.705663 
-18717.6 7.02903 7.01039 -1.42777 -1.7599 3.37567 -0.705663 
-18717.8 7.06768 7.01021 -1.42077 -1.81937 3.3758 -0.667537 
-18717.8 7.06768 7.01021 -1.42077 -1.81937 3.3758 -0.667537 
-18717.8 7.06768 7.01021 -1.42077 -1.81937 3.3758 -0.667537 
-18717.8 7.06768 7.01021 -1.42077 -1.81937 3.3758 -0.667537 
-18717.8 7.06768 7.01021 -1.42077 -1.81937 3.3758 -0.667537 
-18717.8 7.06768 7.01021 -1.42077 -1.81937 3.3758 -0.667537 
-18717.8 7.06768 7.01021 -1.42077 -1.81937 3.3758 -0.667537 
-18718 7.03901 7.01131 -1.46546 -1.69367 3.37581 -0.740879 
-18719.1 7.04736 7.01053 -1.4386 -1.74754 3.37588 -0.711391 
-18722 7.07165 7.01137 -1.42714 -1.7895 3.37593 -0.654012 
-18722 7.07165 7.01137 -1.42714 -1.7895 3.37593 -0.654012 
-18722 7.07165 7.01137 -1.42714 -1.7895 3.37593 -0.654012 
-18725.7 7.08485 7.01196 -1.43725 -1.77465 3.37564 -0.632189 
-18725.7 7.08485 7.01196 -1.43725 -1.77465 3.37564 -0.632189 
-18725.7 7.08485 7.01196 -1.43725 -1.77465 3.37564 -0.632189 
-18725.7 7.08485 7.01196 -1.43725 -1.77465 3.37564 -0.632189 
-18725.7 7.08485 7.01196 -1.43725 -1.77465 3.37564 -0.632189 
-18725.7 7.08485 7.01196 -1.43725 -1.77465 3.37564 -0.632189 
-18728.1 7.13726 7.01291 -1.429 -1.84327 3.3758 -0.54853 
-18735.1 7.12984 7.01376 -1.43637 -1.81614 3.37576 -0.539851 
-18735.1 7.12984 7.01376 -1.43637 -1.81614 3.37576 -0.539851 
-18735.1 7.12984 7.01376 -1.43637 -1.81614 3.37576 -0.539851 
-18735.1 7.12984 7.01376 -1.43637 -1.81614 3.37576 -0.539851 
-18739.5 7.19567 7.01642 -1.47775 -1.77607 3.37558 -0.470806 
-18739.5 7.19567 7.01642 -1.47775 -1.77607 3.37558 -0.470806 
-18739.5 7.19567 7.01642 -1.47775 -1.77607 3.37558 -0.470806 
-18739.5 7.19567 7.01642 -1.47775 -1.77607 3.37558 -0.470806 
-18745.1 7.21257 7.01866 -1.50969 -1.72392 3.37567 -0.451521 
-18747.1 7.17765 7.01775 -1.49893 -1.69637 3.3756 -0.498756 
-18757.6 7.27328 7.02137 -1.52713 -1.70881 3.37577 -0.354118 
-18757.6 7.27328 7.02137 -1.52713 -1.70881 3.37577 -0.354118 
-18757.6 7.27328 7.02137 -1.52713 -1.70881 3.37577 -0.354118 
-18759.1 7.32622 7.02592 -1.63568 -1.51878 3.37578 -0.364322 
-18763.5 7.37092 7.03074 -1.67764 -1.4371 3.37576 -0.27105 
-18765 7.34839 7.02776 -1.63505 -1.50664 3.37564 -0.296764 
-18765 7.34839 7.02776 -1.63505 -1.50664 3.37564 -0.296764 
-18768.9 7.51255 7.03612 -1.73321 -1.40085 3.37615 -0.108757 
-18768.9 7.51255 7.03612 -1.73321 -1.40085 3.37615 -0.108757 
-18768.9 7.51255 7.03612 -1.73321 -1.40085 3.37615 -0.108757 
-18768.9 7.51255 7.03612 -1.73321 -1.40085 3.37615 -0.108757 
-18772.8 7.4898 7.03612 -1.7174 -1.41203 3.3759 -0.0902273 
-18772.8 7.4898 7.03612 -1.7174 -1.41203 3.3759 -0.0902273 
-18773 7.51771 7.03396 -1.68393 -1.49412 3.3762 -0.0790612 
-18774.9 7.39823 7.03031 -1.66147 -1.48033 3.37582 -0.233767 
-18779.3 7.45133 7.03171 -1.64448 -1.53286 3.37603 -0.137226 
-18779.3 7.45133 7.03171 -1.64448 -1.53286 3.37603 -0.137226 
-18779.3 7.45133 7.03171 -1.64448 -1.53286 3.37603 -0.137226 
-18779.3 7.45133 7.03171 -1.64448 -1.53286 3.37603 -0.137226 
-18779.3 7.45133 7.03171 -1.64448 -1.53286 3.37603 -0.137226 
-18779.3 7.45133 7.03171 -1.64448 -1.53286 3.37603 -0.137226 
-18779.3 7.45133 7.03171 -1.64448 -1.53286 3.37603 -0.137226 
-18779.3 7.45133 7.03171 -1.64448 -1.53286 3.37603 -0.137226 
-18779.3 7.45133 7.03171 -1.64448 -1.53286 3.37603 -0.137226 
-18779.3 7.45133 7.03171 -1.64448 -1.53286 3.37603 -0.137226 
-18779.3 7.45133 7.03171 -1.64448 -1.53286 3.37603 -0.137226 
-18779.6 7.4328 7.03089 -1.64719 -1.52309 3.37592 -0.168968 
-18779.6 7.4328 7.03089 -1.64719 -1.52309 3.37592 -0.168968 
-18780.2 7.447 7.031 -1.63468 -1.54894 3.37594 -0.136172 
-18780.2 7.45335 7.03207 -1.65239 -1.51875 3.37593 -0.129939 
-18780.2 7.45335 7.03207 -1.65239 -1.51875 3.37593 -0.129939 
-18780.2 7.45335 7.03207 -1.65239 -1.51875 3.37593 -0.129939 
-18780.2 7.45335 7.03207 -1.65239 -1.51875 3.37593 -0.129939 
-18780.2 7.45335 7.03207 -1.65239 -1.51875 3.37593 -0.129939 
-18780.2 7.45179 7.0313 -1.63711 -1.548 3.37592 -0.125047 
-18780.6 7.4355 7.03081 -1.63769 -1.53988 3.37591 -0.153869 
-18780.6 7.4355 7.03081 -1.63769 -1.53988 3.37591 -0.153869 
-18780.6 7.43833 7.03092 -1.63878 -1.53966 3.37589 -0.148084 
-18780.6 7.43833 7.03092 -1.63878 -1.53966 3.37589 -0.148084 
-18780.6 7.43833 7.03092 -1.63878 -1.53966 3.37589 -0.148084 
-18780.6 7.43625 7.03042 -1.63253 -1.55088 3.37591 -0.15228 
-18780.7 7.447 7.0312 -1.6394 -1.54164 3.37592 -0.135347 
-18780.7 7.447 7.0312 -1.6394 -1.54164 3.37592 -0.135347 
-18780.7 7.447 7.0312 -1.6394 -1.54164 3.37592 -0.135347 
-18780.7 7.447 7.0312 -1.6394 -1.54164 3.37592 -0.135347 
-18780.7 7.447 7.0312 -1.6394 -1.54164 3.37592 -0.135347 
-18780.7 7.447 7.0312 -1.6394 -1.54164 3.37592 -0.135347 
-18780.7 7.447 7.0312 -1.6394 -1.54164 3.37592 -0.135347 
-18780.7 7.44013 7.03073 -1.63598 -1.54603 3.37592 -0.147978 
-18780.8 7.43803 7.03082 -1.63703 -1.54217 3.37591 -0.149594 
-18780.8 7.43803 7.03082 -1.63703 -1.54217 3.37591 -0.149594 
-18780.8 7.43908 7.03078 -1.6365 -1.5441 3.37592 -0.148786 
-18780.8 7.43908 7.03078 -1.6365 -1.5441 3.37592 -0.148786 
-18780.8 7.43949 7.03089 -1.63747 -1.54147 3.37591 -0.147267 
-18780.8 7.43949 7.03089 -1.63747 -1.54147 3.37591 -0.147267 
-18780.8 7.43949 7.03089 -1.63747 -1.54147 3.37591 -0.147267 
-18780.8 7.43949 7.03089 -1.63747 -1.54147 3.37591 -0.147267 
-18780.8 7.43901 7.03077 -1.63589 -1.54466 3.37592 -0.148364 
-18780.8 7.43926 7.03086 -1.63841 -1.54051 3.37592 -0.149234 
-18780.8 7.43926 7.03086 -1.63841 -1.54051 3.37592 -0.149234 
-18780.8 7.43926 7.03086 -1.63841 -1.54051 3.37592 -0.149234 
-18780.8 7.43926 7.03086 -1.63841 -1.54051 3.37592 -0.149234 
-18780.8 7.43926 7.03086 -1.63841 -1.54051 3.37592 -0.149234 
-18780.8 7.43926 7.03086 -1.63841 -1.54051 3.37592 -0.149234 
-18780.8 7.43926 7.03086 -1.63841 -1.54051 3.37592 -0.149234 
-18780.8 7.43958 7.03083 -1.63749 -1.54216 3.37592 -0.148614 
-18780.9 7.43885 7.03082 -1.63744 -1.54189 3.37592 -0.149372 
-18780.9 7.44023 7.031 -1.64113 -1.53603 3.37592 -0.14885 
-18780.9 7.44023 7.031 -1.64113 -1.53603 3.37592 -0.14885 
-18780.9 7.44023 7.031 -1.64113 -1.53603 3.37592 -0.14885 
-18780.9 7.44023 7.031 -1.64113 -1.53603 3.37592 -0.14885 
-18780.9 7.44023 7.031 -1.64113 -1.53603 3.37592 -0.14885 
-18780.9 7.43979 7.03095 -1.63977 -1.53781 3.37592 -0.148717 
-18780.9 7.43959 7.03107 -1.6421 -1.53334 3.37591 -0.148938 
-18780.9 7.43959 7.03107 -1.6421 -1.53334 3.37591 -0.148938 
-18781 7.44128 7.03126 -1.64605 -1.52689 3.37592 -0.148219 
-18781 7.44128 7.03126 -1.64605 -1.52689 3.37592 -0.148219 
-18781 7.44128 7.03126 -1.64605 -1.52689 3.37592 -0.148219 
-18781 7.44007 7.03107 -1.64275 -1.53272 3.37592 -0.149389 
-18781 7.44007 7.03107 -1.64275 -1.53272 3.37592 -0.149389 
-18781 7.44072 7.03127 -1.6459 -1.52656 3.37592 -0.148432 
-18781 7.44072 7.03127 -1.6459 -1.52656 3.37592 -0.148432 
-18781 7.44002 7.03102 -1.64093 -1.5355 3.37592 -0.148145 
-18781 7.44002 7.03102 -1.64093 -1.5355 3.37592 -0.148145 
-18781 7.44174 7.03126 -1.64603 -1.52706 3.37592 -0.147759 
-18781 7.44174 7.03126 -1.64603 -1.52706 3.37592 -0.147759 
-18781 7.43993 7.03109 -1.64254 -1.53251 3.37592 -0.14881 
-18781 7.43993 7.03109 -1.64254 -1.53251 3.37592 -0.14881 
-18781 7.44056 7.03115 -1.64375 -1.53031 3.37592 -0.148298 
-18781 7.44052 7.03107 -1.64214 -1.53341 3.37592 -0.148087 
-18781 7.44052 7.03107 -1.64214 -1.53341 3.37592 -0.148087 
-18781 7.44052 7.03107 -1.64214 -1.53341 3.37592 -0.148087 
-18781 7.44052 7.03107 -1.64214 -1.53341 3.37592 -0.148087 
-18781 7.44052 7.03107 -1.64214 -1.53341 3.37592 -0.148087 
-18781 7.43856 7.031 -1.64082 -1.53426 3.37592 -0.149402 
-18781.1 7.44148 7.03131 -1.64695 -1.52423 3.37592 -0.147594 
-18781.1 7.44013 7.03112 -1.64351 -1.53033 3.37592 -0.14883 
-18781.1 7.44029 7.0312 -1.64532 -1.5268 3.37592 -0.14874 
-18781.1 7.44029 7.0312 -1.64532 -1.5268 3.37592 -0.14874 
-18781.2 7.43863 7.03095 -1.64012 -1.53465 3.37592 -0.148848 
-18781.2 7.43863 7.03095 -1.64012 -1.53465 3.37592 -0.148848 
-18781.2 7.44219 7.03133 -1.64822 -1.52149 3.37592 -0.147171 
-18781.2 7.44219 7.03133 -1.64822 -1.52149 3.37592 -0.147171 
-18781.2 7.43902 7.03106 -1.64293 -1.52965 3.37592 -0.149411 
-18781.4 7.43993 7.03128 -1.6475 -1.5198 3.37592 -0.148139 
-18781.4 7.43993 7.03128 -1.6475 -1.5198 3.37592 -0.148139 
-18781.4 7.43993 7.03128 -1.6475 -1.5198 3.37592 -0.148139 
-18781.4 7.43993 7.03128 -1.6475 -1.5198 3.37592 -0.148139 
-18781.5 7.43968 7.03107 -1.64434 -1.52424 3.37592 -0.147539 
-18781.5 7.43968 7.03107 -1.64434 -1.52424 3.37592 -0.147539 
-18781.5 7.43968 7.03107 -1.64434 -1.52424 3.37592 -0.147539 
-18781.5 7.43968 7.03107 -1.64434 -1.52424 3.37592 -0.147539 
-18781.6 7.43999 7.03121 -1.64797 -1.51554 3.37591 -0.146753 
-18781.6 7.43999 7.03121 -1.64797 -1.51554 3.37591 -0.146753 
-18781.6 7.43999 7.03121 -1.64797 -1.51554 3.37591 -0.146753 
-18781.6 7.43999 7.03121 -1.64797 -1.51554 3.37591 -0.146753 
-18781.6 7.43693 7.03086 -1.6415 -1.52544 3.37591 -0.14851 
-18781.6 7.43693 7.03086 -1.6415 -1.52544 3.37591 -0.14851 
-18781.6 7.43693 7.03086 -1.6415 -1.52544 3.37591 -0.14851 
-18781.7 7.44161 7.03117 -1.64965 -1.51085 3.37592 -0.145132 
-18781.7 7.44161 7.03117 -1.64965 -1.51085 3.37592 -0.145132 
-18781.7 7.43917 7.03112 -1.64674 -1.51737 3.37592 -0.14774 
-18781.7 7.44113 7.03136 -1.65317 -1.50557 3.37591 -0.146711 
-18781.8 7.43876 7.03102 -1.64765 -1.51191 3.37592 -0.147362 
-18781.8 7.44066 7.03115 -1.64892 -1.51364 3.37592 -0.147096 
-18781.8 7.44066 7.03115 -1.64892 -1.51364 3.37592 -0.147096 
-18781.9 7.44154 7.03121 -1.65191 -1.50679 3.37592 -0.146344 
-18781.9 7.44154 7.03121 -1.65191 -1.50679 3.37592 -0.146344 
-18781.9 7.44154 7.03121 -1.65191 -1.50679 3.37592 -0.146344 
-18782.1 7.44039 7.03108 -1.6522 -1.50371 3.37592 -0.147181 
-18782.1 7.44039 7.03108 -1.6522 -1.50371 3.37592 -0.147181 
-18782.1 7.44039 7.03108 -1.6522 -1.50371 3.37592 -0.147181 
-18782.1 7.44039 7.03108 -1.6522 -1.50371 3.37592 -0.147181 
-18782.1 7.44039 7.03108 -1.6522 -1.50371 3.37592 -0.147181 
-18782.1 7.44039 7.03108 -1.6522 -1.50371 3.37592 -0.147181 
-18782.1 7.44039 7.03108 -1.6522 -1.50371 3.37592 -0.147181 
-18782.1 7.44039 7.03108 -1.6522 -1.50371 3.37592 -0.147181 
-18782.2 7.43929 7.03099 -1.65243 -1.50181 3.37592 -0.148502 
-18782.2 7.43929 7.03099 -1.65243 -1.50181 3.37592 -0.148502 
-18782.2 7.43929 7.03099 -1.65243 -1.50181 3.37592 -0.148502 
-18782.2 7.43929 7.03099 -1.65243 -1.50181 3.37592 -0.148502 
-18782.2 7.43929 7.03099 -1.65243 -1.50181 3.37592 -0.148502 
-18782.3 7.44077 7.03109 -1.66 -1.4864 3.37592 -0.14858 
-18782.3 7.43887 7.03091 -1.65312 -1.50014 3.37592 -0.149633 
-18782.3 7.43887 7.03091 -1.65312 -1.50014 3.37592 -0.149633 
-18782.3 7.43887 7.03091 -1.65312 -1.50014 3.37592 -0.149633 
-18782.4 7.43937 7.03099 -1.65501 -1.49785 3.37592 -0.149603 
-18782.4 7.43937 7.03099 -1.65501 -1.49785 3.37592 -0.149603 
-18782.4 7.43921 7.03094 -1.66043 -1.48502 3.37592 -0.15112 
-18782.4 7.43921 7.03094 -1.66043 -1.48502 3.37592 -0.15112 
-18782.4 7.43921 7.03094 -1.66043 -1.48502 3.37592 -0.15112 
-18782.5 7.44133 7.03102 -1.66176 -1.48419 3.37592 -0.149456 
-18782.5 7.44133 7.03102 -1.66176 -1.48419 3.37592 -0.149456 
-18782.6 7.43792 7.03079 -1.65346 -1.5027 3.37592 -0.152756 
-18782.6 7.43792 7.03079 -1.65346 -1.5027 3.37592 -0.152756 
-18782.6 7.43792 7.03079 -1.65346 -1.5027 3.37592 -0.152756 
-18782.9 7.4404 7.03084 -1.66353 -1.48233 3.37592 -0.152947 
-18782.9 7.4404 7.03084 -1.66353 -1.48233 3.37592 -0.152947 
-18782.9 7.44044 7.03084 -1.65938 -1.49298 3.37592 -0.152327 
-18782.9 7.44044 7.03084 -1.65938 -1.49298 3.37592 -0.152327 
-18782.9 7.44044 7.03084 -1.65938 -1.49298 3.37592 -0.152327 
-18783.1 7.43853 7.0306 -1.66787 -1.47722 3.37592 -0.159554 
-18783.1 7.44166 7.03059 -1.67635 -1.45963 3.37592 -0.158222 
-18783.1 7.44166 7.03059 -1.67635 -1.45963 3.37592 -0.158222 
-18783.1 7.43981 7.0306 -1.66408 -1.48654 3.37592 -0.157474 
-18783.1 7.43981 7.0306 -1.66408 -1.48654 3.37592 -0.157474 
-18783.1 7.43981 7.0306 -1.66408 -1.48654 3.37592 -0.157474 
-18783.2 7.43983 7.03035 -1.6776 -1.45924 3.37592 -0.163307 
-18783.2 7.4396 7.0306 -1.66557 -1.48094 3.37592 -0.156994 
-18783.6 7.44435 7.03045 -1.67755 -1.45982 3.37592 -0.157344 
-18783.6 7.44435 7.03045 -1.67755 -1.45982 3.37592 -0.157344 
-18783.6 7.44435 7.03045 -1.67755 -1.45982 3.37592 -0.157344 
-18783.6 7.43905 7.03018 -1.66515 -1.48677 3.37592 -0.161961 
-18783.7 7.44182 7.03027 -1.67709 -1.46007 3.37592 -0.161074 
-18783.7 7.44182 7.03027 -1.67709 -1.46007 3.37592 -0.161074 
-18783.8 7.44468 7.0305 -1.66248 -1.48802 3.37592 -0.150573 
-18784.3 7.44768 7.02996 -1.685 -1.44815 3.37592 -0.159986 
-18784.8 7.44604 7.02972 -1.68006 -1.45963 3.37592 -0.161669 
-18784.8 7.44604 7.02972 -1.68006 -1.45963 3.37592 -0.161669 
-18785.1 7.44387 7.02941 -1.66507 -1.49095 3.37592 -0.161672 
-18785.5 7.4569 7.02959 -1.68982 -1.43915 3.37592 -0.152293 
-18787.2 7.45888 7.02906 -1.67231 -1.48208 3.37592 -0.149677 
-18787.2 7.45888 7.02906 -1.67231 -1.48208 3.37592 -0.149677 
-18787.2 7.45888 7.02906 -1.67231 -1.48208 3.37592 -0.149677 
-18789.2 7.46348 7.02776 -1.67492 -1.48354 3.37592 -0.153957 
-18789.2 7.46348 7.02776 -1.67492 -1.48354 3.37592 -0.153957 
-18790 7.49072 7.02719 -1.72043 -1.39853 3.37592 -0.14175 
-18791.5 7.48158 7.02564 -1.68623 -1.48181 3.37591 -0.155236 
-18794.2 7.49849 7.02577 -1.67953 -1.48897 3.37591 -0.128245 
-18794.2 7.49849 7.02577 -1.67953 -1.48897 3.37591 -0.128245 
-18801.8 7.53021 7.02194 -1.71713 -1.44206 3.37591 -0.133425 
-18801.8 7.53021 7.02194 -1.71713 -1.44206 3.37591 -0.133425 
-18808.1 7.58213 7.01922 -1.74466 -1.41455 3.3759 -0.104097 
-18808.1 7.58213 7.01922 -1.74466 -1.41455 3.3759 -0.104097 
-18808.1 7.58213 7.01922 -1.74466 -1.41455 3.3759 -0.104097 
-18819 7.63507 7.01354 -1.76211 -1.41428 3.37589 -0.0867449 
-18819 7.63507 7.01354 -1.76211 -1.41428 3.37589 -0.0867449 
-18829.1 7.70834 7.00737 -1.78488 -1.41705 3.37588 -0.0561801 
-18829.1 7.70834 7.00737 -1.78488 -1.41705 3.37588 -0.0561801 
-18848 7.84414 6.99858 -1.85858 -1.34115 3.37586 0.0130781 
-18848 7.84414 6.99858 -1.85858 -1.34115 3.37586 0.0130781 
-18862.7 7.97445 6.9847 -1.93082 -1.28812 3.37583 0.0417416 
-18862.7 7.97445 6.9847 -1.93082 -1.28812 3.37583 0.0417416 
-18877.4 8.17651 6.97116 -2.05096 -1.15897 3.37581 0.13393 
-18877.4 8.17651 6.97116 -2.05096 -1.15897 3.37581 0.13393 
-18878.8 8.22787 6.96667 -2.07753 -1.13787 3.37579 0.153682 
-18883.5 8.56172 6.94025 -2.18698 -1.10817 3.37574 0.317596 
-18883.5 8.56172 6.94025 -2.18698 -1.10817 3.37574 0.317596 
-18883.5 8.56172 6.94025 -2.18698 -1.10817 3.37574 0.317596 
-18883.5 8.56172 6.94025 -2.18698 -1.10817 3.37574 0.317596 
-18883.5 8.56172 6.94025 -2.18698 -1.10817 3.37574 0.317596 
-18883.5 8.56172 6.94025 -2.18698 -1.10817 3.37574 0.317596 
-18883.5 8.56172 6.94025 -2.18698 -1.10817 3.37574 0.317596 
-18892.5 8.33825 6.95917 -2.13601 -1.06567 3.37578 0.213748 
-18892.5 8.33825 6.95917 -2.13601 -1.06567 3.37578 0.213748 
-18892.5 8.33825 6.95917 -2.13601 -1.06567 3.37578 0.213748 
-18892.5 8.33825 6.95917 -2.13601 -1.06567 3.37578 0.213748 
-18892.5 8.33825 6.95917 -2.13601 -1.06567 3.37578 0.213748 
-18892.8 8.58297 6.94108 -2.22297 -1.02419 3.37574 0.341114 
-18892.8 8.58297 6.94108 -2.22297 -1.02419 3.37574 0.341114 
-18898.3 8.39245 6.9597 -2.14038 -1.04966 3.37577 0.285694 
-18898.3 8.39245 6.9597 -2.14038 -1.04966 3.37577 0.285694 
-18898.3 8.39245 6.9597 -2.14038 -1.04966 3.37577 0.285694 
-18898.3 8.39245 6.9597 -2.14038 -1.04966 3.37577 0.285694 
-18899.4 8.40403 6.95732 -2.16745 -1.00698 3.37577 0.27407 
-18899.4 8.40403 6.95732 -2.16745 -1.00698 3.37577 0.27407 
-18899.4 8.40403 6.95732 -2.16745 -1.00698 3.37577 0.27407 
-18899.4 8.40403 6.95732 -2.16745 -1.00698 3.37577 0.27407 
-18899.4 8.40403 6.95732 -2.16745 -1.00698 3.37577 0.27407 
-18899.4 8.40403 6.95732 -2.16745 -1.00698 3.37577 0.27407 
-18902.2 8.57001 6.94442 -2.19179 -1.05005 3.37575 0.368126 
-18902.2 8.57001 6.94442 -2.19179 -1.05005 3.37575 0.368126 
-18902.2 8.57001 6.94442 -2.19179 -1.05005 3.37575 0.368126 
-18902.2 8.57001 6.94442 -2.19179 -1.05005 3.37575 0.368126 
-18902.2 8.57001 6.94442 -2.19179 -1.05005 3.37575 0.368126 
-18902.2 8.57001 6.94442 -2.19179 -1.05005 3.37575 0.368126 
-18902.8 8.42369 6.95548 -2.1452 -1.06256 3.37577 0.292107 
-18902.8 8.42369 6.95548 -2.1452 -1.06256 3.37577 0.292107 
-18903.4 8.55131 6.94501 -2.19152 -1.04527 3.37575 0.349909 
-18903.4 8.55131 6.94501 -2.19152 -1.04527 3.37575 0.349909 
-18903.4 8.55131 6.94501 -2.19152 -1.04527 3.37575 0.349909 
-18903.4 8.55131 6.94501 -2.19152 -1.04527 3.37575 0.349909 
-18904.2 8.43327 6.95382 -2.1477 -1.06737 3.37577 0.290681 
-18904.2 8.43327 6.95382 -2.1477 -1.06737 3.37577 0.290681 
-18904.2 8.43327 6.95382 -2.1477 -1.06737 3.37577 0.290681 
-18904.2 8.43327 6.95382 -2.1477 -1.06737 3.37577 0.290681 
-18904.6 8.47389 6.94962 -2.14681 -1.09779 3.37576 0.308092 
-18904.6 8.47389 6.94962 -2.14681 -1.09779 3.37576 0.308092 
-18904.6 8.47389 6.94962 -2.14681 -1.09779 3.37576 0.308092 
-18906.1 8.44348 6.95203 -2.15778 -1.0547 3.37576 0.287731 
-18906.1 8.44348 6.95203 -2.15778 -1.0547 3.37576 0.287731 
-18906.1 8.44348 6.95203 -2.15778 -1.0547 3.37576 0.287731 
-18906.1 8.44348 6.95203 -2.15778 -1.0547 3.37576 0.287731 
-18906.2 8.49132 6.94692 -2.14737 -1.10923 3.37576 0.310741 
-18906.2 8.49132 6.94692 -2.14737 -1.10923 3.37576 0.310741 
-18906.2 8.49132 6.94692 -2.14737 -1.10923 3.37576 0.310741 
-18907.9 8.39926 6.95314 -2.14203 -1.06882 3.37577 0.251458 
-18907.9 8.39926 6.95314 -2.14203 -1.06882 3.37577 0.251458 
-18907.9 8.39926 6.95314 -2.14203 -1.06882 3.37577 0.251458 
-18907.9 8.39926 6.95314 -2.14203 -1.06882 3.37577 0.251458 
-18908.8 8.533 6.94271 -2.1946 -1.03812 3.37575 0.315372 
-18908.8 8.533 6.94271 -2.1946 -1.03812 3.37575 0.315372 
-18908.9 8.47096 6.94828 -2.18979 -1.00491 3.37576 0.286466 
-18913.3 8.50833 6.94372 -2.19717 -1.0117 3.37575 0.298287 
-18913.3 8.50833 6.94372 -2.19717 -1.0117 3.37575 0.298287 
-18913.3 8.50833 6.94372 -2.19717 -1.0117 3.37575 0.298287 
-18913.3 8.50833 6.94372 -2.19717 -1.0117 3.37575 0.298287 
-18913.3 8.50833 6.94372 -2.19717 -1.0117 3.37575 0.298287 
-18914.1 8.45562 6.94567 -2.20459 -0.965846 3.37575 0.254025 
-18918.4 8.57203 6.93323 -2.2216 -1.01273 3.37574 0.295614 
-18918.4 8.57203 6.93323 -2.2216 -1.01273 3.37574 0.295614 
-18918.4 8.57203 6.93323 -2.2216 -1.01273 3.37574 0.295614 
-18923.5 8.47602 6.94194 -2.19395 -0.993119 3.37575 0.262089 
-18923.5 8.47602 6.94194 -2.19395 -0.993119 3.37575 0.262089 
-18926.4 8.40476 6.93929 -2.20679 -0.945995 3.37575 0.166076 
-18934.2 8.48474 6.9322 -2.19307 -1.02778 3.37575 0.210627 
-18934.2 8.48474 6.9322 -2.19307 -1.02778 3.37575 0.210627 
-18947.7 8.581 6.91988 -2.21678 -1.02409 3.37573 0.242827 
-18947.7 8.581 6.91988 -2.21678 -1.02409 3.37573 0.242827 
-18961.3 8.49668 6.91753 -2.21162 -0.995313 3.37573 0.146062 
-18961.3 8.49668 6.91753 -2.21162 -0.995313 3.37573 0.146062 
-18961.3 8.49668 6.91753 -2.21162 -0.995313 3.37573 0.146062 
-18976.7 8.44566 6.90842 -2.1434 -1.12066 3.37573 0.066412 
-19003.7 8.55829 6.88745 -2.23066 -0.988332 3.3757 0.0561717 
-19003.7 8.55829 6.88745 -2.23066 -0.988332 3.3757 0.0561717 
-19003.7 8.55829 6.88745 -2.23066 -0.988332 3.3757 0.0561717 
-19003.7 8.55829 6.88745 -2.23066 -0.988332 3.3757 0.0561717 
-19019.6 8.39949 6.86654 -2.1393 -1.12292 3.3757 -0.189626 
-19032.9 8.5731 6.82464 -2.13589 -1.24375 3.37566 -0.228397 
-19049.3 8.73885 6.80097 -2.26859 -1.05459 3.37562 -0.216501 
-19049.3 8.73885 6.80097 -2.26859 -1.05459 3.37562 -0.216501 
-19052 8.60468 6.81058 -2.16895 -1.17168 3.37564 -0.265207 
-19052 8.60468 6.81058 -2.16895 -1.17168 3.37564 -0.265207 
-19052 8.60468 6.81058 -2.16895 -1.17168 3.37564 -0.265207 
-19052 8.60468 6.81058 -2.16895 -1.17168 3.37564 -0.265207 
-19052 8.60468 6.81058 -2.16895 -1.17168 3.37564 -0.265207 
-19052.2 8.74926 6.75835 -2.35943 -0.839137 3.37556 -0.424907 
-19057 8.62635 6.76008 -2.2141 -1.11287 3.37559 -0.512841 
-19057 8.62635 6.76008 -2.2141 -1.11287 3.37559 -0.512841 
-19057 8.74855 6.75538 -2.27173 -1.05518 3.37557 -0.429348 
-19057 8.74855 6.75538 -2.27173 -1.05518 3.37557 -0.429348 
-19057.2 8.79812 6.74138 -2.29048 -1.01951 3.37555 -0.442659 
-19060.8 8.65166 6.7824 -2.21467 -1.10631 3.37561 -0.370746 
-19060.8 8.65166 6.7824 -2.21467 -1.10631 3.37561 -0.370746 
-19061.5 8.64215 6.75291 -2.22887 -1.07575 3.37558 -0.529294 
-19061.5 8.64215 6.75291 -2.22887 -1.07575 3.37558 -0.529294 
-19061.5 8.64215 6.75291 -2.22887 -1.07575 3.37558 -0.529294 
-19061.5 8.64215 6.75291 -2.22887 -1.07575 3.37558 -0.529294 
-19062 8.59975 6.77799 -2.24788 -0.997954 3.3756 -0.448441 
-19062.4 8.60308 6.76847 -2.22904 -1.04786 3.37559 -0.489847 
-19063 8.66961 6.76185 -2.26161 -1.00235 3.37558 -0.459086 
-19063 8.66961 6.76185 -2.26161 -1.00235 3.37558 -0.459086 
-19063 8.66961 6.76185 -2.26161 -1.00235 3.37558 -0.459086 
-19063 8.66961 6.76185 -2.26161 -1.00235 3.37558 -0.459086 
-19063.5 8.60828 6.78557 -2.24308 -1.0044 3.3756 -0.397946 
-19063.5 8.60828 6.78557 -2.24308 -1.0044 3.3756 -0.397946 
-19063.5 8.60828 6.78557 -2.24308 -1.0044 3.3756 -0.397946 
-19064.3 8.6796 6.77019 -2.25096 -1.02786 3.37558 -0.404425 
-19064.3 8.6796 6.77019 -2.25096 -1.02786 3.37558 -0.404425 
-19064.5 8.61295 6.78728 -2.22721 -1.03948 3.37561 -0.380124 
-19064.5 8.61295 6.78728 -2.22721 -1.03948 3.37561 -0.380124 
-19064.5 8.61295 6.78728 -2.22721 -1.03948 3.37561 -0.380124 
-19064.5 8.61295 6.78728 -2.22721 -1.03948 3.37561 -0.380124 
-19064.8 8.65978 6.77835 -2.23667 -1.04543 3.37559 -0.37976 
-19064.8 8.65978 6.77835 -2.23667 -1.04543 3.37559 -0.37976 
-19064.8 8.65978 6.77835 -2.23667 -1.04543 3.37559 -0.37976 
-19064.8 8.65978 6.77835 -2.23667 -1.04543 3.37559 -0.37976 
-19064.8 8.65978 6.77835 -2.23667 -1.04543 3.37559 -0.37976 
-19064.8 8.65978 6.77835 -2.23667 -1.04543 3.37559 -0.37976 
-19064.8 8.65978 6.77835 -2.23667 -1.04543 3.37559 -0.37976 
-19064.8 8.65978 6.77835 -2.23667 -1.04543 3.37559 -0.37976 
-19064.8 8.66598 6.77623 -2.24521 -1.03092 3.37559 -0.386312 
-19064.8 8.66598 6.77623 -2.24521 -1.03092 3.37559 -0.386312 
-19064.8 8.66598 6.77623 -2.24521 -1.03092 3.37559 -0.386312 
-19064.8 8.66598 6.77623 -2.24521 -1.03092 3.37559 -0.386312 
-19064.8 8.66598 6.77623 -2.24521 -1.03092 3.37559 -0.386312 
-19064.8 8.66598 6.77623 -2.24521 -1.03092 3.37559 -0.386312 
-19064.8 8.66598 6.77623 -2.24521 -1.03092 3.37559 -0.386312 
-19064.8 8.64546 6.78183 -2.2379 -1.03452 3.3756 -0.377213 
-19064.8 8.64546 6.78183 -2.2379 -1.03452 3.3756 -0.377213 
-19064.8 8.64546 6.78183 -2.2379 -1.03452 3.3756 -0.377213 
-19064.8 8.64546 6.78183 -2.2379 -1.03452 3.3756 -0.377213 
-19064.8 8.64546 6.78183 -2.2379 -1.03452 3.3756 -0.377213 
-19064.8 8.65748 6.7786 -2.23884 -1.03979 3.37559 -0.381537 
-19064.8 8.65748 6.7786 -2.23884 -1.03979 3.37559 -0.381537 
-19064.8 8.65748 6.7786 -2.23884 -1.03979 3.37559 -0.381537 
-19064.8 8.66379 6.77763 -2.2431 -1.03322 3.37559 -0.380678 
-19064.9 8.65609 6.77936 -2.24195 -1.03204 3.3756 -0.37992 
-19064.9 8.65609 6.77936 -2.24195 -1.03204 3.3756 -0.37992 
-19064.9 8.65609 6.77936 -2.24195 -1.03204 3.3756 -0.37992 
-19064.9 8.65078 6.78059 -2.23993 -1.03328 3.3756 -0.378566 
-19064.9 8.65342 6.77959 -2.2407 -1.03337 3.3756 -0.381149 
-19064.9 8.65342 6.77959 -2.2407 -1.03337 3.3756 -0.381149 
-19064.9 8.65342 6.77959 -2.2407 -1.03337 3.3756 -0.381149 
-19064.9 8.65342 6.77959 -2.2407 -1.03337 3.3756 -0.381149 
-19064.9 8.65342 6.77959 -2.2407 -1.03337 3.3756 -0.381149 
-19064.9 8.65342 6.77959 -2.2407 -1.03337 3.3756 -0.381149 
-19064.9 8.65342 6.77959 -2.2407 -1.03337 3.3756 -0.381149 
-19064.9 8.65342 6.77959 -2.2407 -1.03337 3.3756 -0.381149 
-19064.9 8.65342 6.77959 -2.2407 -1.03337 3.3756 -0.381149 
-19064.9 8.65342 6.77959 -2.2407 -1.03337 3.3756 -0.381149 
-19064.9 8.65342 6.77959 -2.2407 -1.03337 3.3756 -0.381149 
-19064.9 8.65342 6.77959 -2.2407 -1.03337 3.3756 -0.381149 
-19064.9 8.65342 6.77959 -2.2407 -1.03337 3.3756 -0.381149 
-19064.9 8.65342 6.77959 -2.2407 -1.03337 3.3756 -0.381149 
-19064.9 8.65334 6.77969 -2.24069 -1.0333 3.3756 -0.38073 
-19064.9 8.65334 6.77969 -2.24069 -1.0333 3.3756 -0.38073 
-19064.9 8.65334 6.77969 -2.24069 -1.0333 3.3756 -0.38073 
-19064.9 8.65334 6.77969 -2.24069 -1.0333 3.3756 -0.38073 
-19064.9 8.65334 6.77969 -2.24069 -1.0333 3.3756 -0.38073 
-19064.9 8.65332 6.77969 -2.24072 -1.03321 3.3756 -0.380728 
-19064.9 8.65332 6.77969 -2.24072 -1.03321 3.3756 -0.380728 
-19064.9 8.65332 6.77969 -2.24072 -1.03321 3.3756 -0.380728 
-19064.9 8.65332 6.77969 -2.24072 -1.03321 3.3756 -0.380728 
-19064.9 8.65332 6.77969 -2.24072 -1.03321 3.3756 -0.380728 
-19064.9 8.65332 6.77969 -2.24072 -1.03321 3.3756 -0.380728 
-19064.9 8.65332 6.77969 -2.24072 -1.03321 3.3756 -0.380728 
-19064.9 8.65332 6.77969 -2.24072 -1.03321 3.3756 -0.380728 
-19064.9 8.65338 6.77968 -2.24071 -1.03328 3.3756 -0.380744 
-19064.9 8.65338 6.77968 -2.24071 -1.03328 3.3756 -0.380744 
-19064.9 8.65337 6.77968 -2.2407 -1.03327 3.3756 -0.380731 
-19064.9 8.65337 6.77968 -2.2407 -1.03327 3.3756 -0.380731 
-19064.9 8.65337 6.77968 -2.2407 -1.03327 3.3756 -0.380731 
-19064.9 8.65337 6.77968 -2.2407 -1.03328 3.3756 -0.380734 
-19064.9 8.65337 6.77968 -2.2407 -1.03328 3.3756 -0.380734 
-19064.9 8.65337 6.77968 -2.2407 -1.03328 3.3756 -0.380734 
-19064.9 8.65337 6.77968 -2.2407 -1.03328 3.3756 -0.380734 
-19064.9 8.65337 6.77968 -2.2407 -1.03328 3.3756 -0.380734 
-19064.9 8.65337 6.77968 -2.2407 -1.03328 3.3756 -0.380734 
-19064.9 8.65337 6.77968 -2.2407 -1.03328 3.3756 -0.380734 
