4898.7 8.00631 7.01552 -1.04613 -2.33094 3.37419 0.331885 
-15779.9 7.86369 7.00576 -1.61868 -2.13444 3.36532 -0.333234 
-15779.9 7.86369 7.00576 -1.61868 -2.13444 3.36532 -0.333234 
-16144.2 7.45378 7.00624 -1.69745 -2.5146 3.38431 0.0408437 
-16836.1 7.4578 7.00697 -1.65292 -2.54051 3.37106 0.0748632 
-16836.1 7.4578 7.00697 -1.65292 -2.54051 3.37106 0.0748632 
-16836.1 7.4578 7.00697 -1.65292 -2.54051 3.37106 0.0748632 
-16836.1 7.4578 7.00697 -1.65292 -2.54051 3.37106 0.0748632 
-16836.1 7.4578 7.00697 -1.65292 -2.54051 3.37106 0.0748632 
-18252.4 7.99961 7.01113 -1.44222 -2.2798 3.37678 0.283055 
-18252.4 7.99961 7.01113 -1.44222 -2.2798 3.37678 0.283055 
-18252.4 7.99961 7.01113 -1.44222 -2.2798 3.37678 0.283055 
-18252.4 7.99961 7.01113 -1.44222 -2.2798 3.37678 0.283055 
-18252.4 7.99961 7.01113 -1.44222 -2.2798 3.37678 0.283055 
-18252.4 7.99961 7.01113 -1.44222 -2.2798 3.37678 0.283055 
-18252.4 7.99961 7.01113 -1.44222 -2.2798 3.37678 0.283055 
-18252.4 7.99961 7.01113 -1.44222 -2.2798 3.37678 0.283055 
-18252.4 7.99961 7.01113 -1.44222 -2.2798 3.37678 0.283055 
-18252.4 7.99961 7.01113 -1.44222 -2.2798 3.37678 0.283055 
-18252.4 7.99961 7.01113 -1.44222 -2.2798 3.37678 0.283055 
-18581.2 7.6284 7.01008 -1.3986 -2.22257 3.37612 0.121673 
-18581.2 7.6284 7.01008 -1.3986 -2.22257 3.37612 0.121673 
-18581.2 7.6284 7.01008 -1.3986 -2.22257 3.37612 0.121673 
-18581.2 7.6284 7.01008 -1.3986 -2.22257 3.37612 0.121673 
-18581.2 7.6284 7.01008 -1.3986 -2.22257 3.37612 0.121673 
-18581.2 7.6284 7.01008 -1.3986 -2.22257 3.37612 0.121673 
-18581.2 7.6284 7.01008 -1.3986 -2.22257 3.37612 0.121673 
-18581.2 7.6284 7.01008 -1.3986 -2.22257 3.37612 0.121673 
-18581.2 7.6284 7.01008 -1.3986 -2.22257 3.37612 0.121673 
-18581.2 7.6284 7.01008 -1.3986 -2.22257 3.37612 0.121673 
-18581.2 7.6284 7.01008 -1.3986 -2.22257 3.37612 0.121673 
-18581.2 7.6284 7.01008 -1.3986 -2.22257 3.37612 0.121673 
-18581.2 7.6284 7.01008 -1.3986 -2.22257 3.37612 0.121673 
-18581.2 7.6284 7.01008 -1.3986 -2.22257 3.37612 0.121673 
-18581.2 7.6284 7.01008 -1.3986 -2.22257 3.37612 0.121673 
-18581.2 7.6284 7.01008 -1.3986 -2.22257 3.37612 0.121673 
-18591 7.51482 7.01054 -1.41561 -2.20742 3.37541 0.0121339 
-18591 7.51482 7.01054 -1.41561 -2.20742 3.37541 0.0121339 
-18591 7.51482 7.01054 -1.41561 -2.20742 3.37541 0.0121339 
-18617.1 7.46015 7.0092 -1.38834 -2.13084 3.3766 0.0481681 
-18674.3 7.31759 7.00858 -1.34518 -2.08523 3.37629 -0.0130735 
-18674.3 7.31759 7.00858 -1.34518 -2.08523 3.37629 -0.0130735 
-18674.3 7.31759 7.00858 -1.34518 -2.08523 3.37629 -0.0130735 
-18722.9 6.89609 7.00701 -1.26921 -1.9512 3.37687 -0.170861 
-18793.5 6.71596 7.00717 -1.258 -1.89221 3.37619 -0.295469 
-18793.5 6.71596 7.00717 -1.258 -1.89221 3.37619 -0.295469 
-18793.5 6.71596 7.00717 -1.258 -1.89221 3.37619 -0.295469 
-18794.8 6.71081 7.00671 -1.25214 -1.92024 3.37589 -0.272612 
-18794.8 6.71081 7.00671 -1.25214 -1.92024 3.37589 -0.272612 
-18794.8 6.71081 7.00671 -1.25214 -1.92024 3.37589 -0.272612 
-18794.8 6.71081 7.00671 -1.25214 -1.92024 3.37589 -0.272612 
-18794.8 6.71081 7.00671 -1.25214 -1.92024 3.37589 -0.272612 
-18794.8 6.71081 7.00671 -1.25214 -1.92024 3.37589 -0.272612 
-18794.8 6.71081 7.00671 -1.25214 -1.92024 3.37589 -0.272612 
-18794.8 6.71081 7.00671 -1.25214 -1.92024 3.37589 -0.272612 
-18794.8 6.71081 7.00671 -1.25214 -1.92024 3.37589 -0.272612 
-18798.1 6.4811 7.00634 -1.20102 -1.84979 3.37596 -0.370087 
-18798.1 6.4811 7.00634 -1.20102 -1.84979 3.37596 -0.370087 
-18799.2 6.60824 7.00679 -1.22484 -1.88868 3.37578 -0.323393 
-18801.5 6.51848 7.00621 -1.21761 -1.84774 3.37606 -0.353859 
-18801.5 6.51848 7.00621 -1.21761 -1.84774 3.37606 -0.353859 
-18801.5 6.51848 7.00621 -1.21761 -1.84774 3.37606 -0.353859 
-18801.5 6.51848 7.00621 -1.21761 -1.84774 3.37606 -0.353859 
-18801.5 6.51848 7.00621 -1.21761 -1.84774 3.37606 -0.353859 
-18801.5 6.51848 7.00621 -1.21761 -1.84774 3.37606 -0.353859 
-18802.2 6.56507 7.00633 -1.21104 -1.88527 3.3758 -0.320818 
-18805.3 6.6236 7.00598 -1.2264 -1.89107 3.37615 -0.278798 
-18805.3 6.6236 7.00598 -1.2264 -1.89107 3.37615 -0.278798 
-18805.3 6.6236 7.00598 -1.2264 -1.89107 3.37615 -0.278798 
-18805.3 6.6236 7.00598 -1.2264 -1.89107 3.37615 -0.278798 
-18805.3 6.6236 7.00598 -1.2264 -1.89107 3.37615 -0.278798 
-18805.3 6.67136 7.00604 -1.22091 -1.93529 3.37589 -0.241595 
-18805.4 6.59819 7.00599 -1.22501 -1.88525 3.37613 -0.294442 
-18806.7 6.63652 7.00582 -1.22885 -1.90747 3.37602 -0.263666 
-18810.3 6.5659 7.00486 -1.21228 -1.89325 3.37626 -0.254912 
-18810.3 6.5659 7.00486 -1.21228 -1.89325 3.37626 -0.254912 
-18810.3 6.5659 7.00486 -1.21228 -1.89325 3.37626 -0.254912 
-18812.3 6.59053 7.00492 -1.20853 -1.92485 3.37599 -0.236408 
-18812.3 6.59053 7.00492 -1.20853 -1.92485 3.37599 -0.236408 
-18814.9 6.61946 7.00422 -1.20245 -1.94763 3.37603 -0.181654 
-18819.6 6.53429 7.00374 -1.18157 -1.92326 3.37624 -0.202199 
-18819.6 6.53429 7.00374 -1.18157 -1.92326 3.37624 -0.202199 
-18819.6 6.53429 7.00374 -1.18157 -1.92326 3.37624 -0.202199 
-18820.1 6.46929 7.00176 -1.15683 -1.96555 3.37608 -0.131234 
-18820.1 6.46929 7.00176 -1.15683 -1.96555 3.37608 -0.131234 
-18820.4 6.53779 7.00152 -1.15589 -1.98476 3.37627 -0.077334 
-18832.5 6.37892 7.00062 -1.12878 -1.95219 3.37617 -0.12318 
-18832.5 6.37892 7.00062 -1.12878 -1.95219 3.37617 -0.12318 
-18832.5 6.37892 7.00062 -1.12878 -1.95219 3.37617 -0.12318 
-18832.5 6.37892 7.00062 -1.12878 -1.95219 3.37617 -0.12318 
-18832.5 6.37892 7.00062 -1.12878 -1.95219 3.37617 -0.12318 
-18833.6 6.24156 6.99676 -1.0521 -1.9933 3.37654 0.0161571 
-18836.7 6.15023 6.99708 -1.05335 -1.96768 3.37629 -0.0557095 
-18836.7 6.15023 6.99708 -1.05335 -1.96768 3.37629 -0.0557095 
-18846 6.12602 6.9973 -1.04565 -1.94248 3.3763 -0.0809585 
-18852.9 6.13992 6.99573 -1.01169 -2.01476 3.37612 0.0248178 
-18852.9 6.13992 6.99573 -1.01169 -2.01476 3.37612 0.0248178 
-18852.9 6.13992 6.99573 -1.01169 -2.01476 3.37612 0.0248178 
-18852.9 6.13992 6.99573 -1.01169 -2.01476 3.37612 0.0248178 
-18852.9 6.13992 6.99573 -1.01169 -2.01476 3.37612 0.0248178 
-18855.3 5.88438 6.99227 -0.933005 -1.99093 3.37633 0.064478 
-18855.3 5.88438 6.99227 -0.933005 -1.99093 3.37633 0.064478 
-18855.3 5.88438 6.99227 -0.933005 -1.99093 3.37633 0.064478 
-18857.5 5.74415 6.98914 -0.863299 -2.05305 3.37614 0.168165 
-18857.5 5.74415 6.98914 -0.863299 -2.05305 3.37614 0.168165 
-18860.4 5.97185 6.99203 -0.921379 -2.06028 3.37608 0.143909 
-18860.4 5.97185 6.99203 -0.921379 -2.06028 3.37608 0.143909 
-18860.4 5.97185 6.99203 -0.921379 -2.06028 3.37608 0.143909 
-18860.4 5.97185 6.99203 -0.921379 -2.06028 3.37608 0.143909 
-18860.4 5.97185 6.99203 -0.921379 -2.06028 3.37608 0.143909 
-18860.4 5.97185 6.99203 -0.921379 -2.06028 3.37608 0.143909 
-18860.4 5.97185 6.99203 -0.921379 -2.06028 3.37608 0.143909 
-18861.4 5.92379 6.99164 -0.911686 -2.06052 3.376 0.137525 
-18861.5 5.84237 6.9907 -0.895078 -2.04581 3.37611 0.138117 
-18861.5 5.84237 6.9907 -0.895078 -2.04581 3.37611 0.138117 
-18861.5 5.84237 6.9907 -0.895078 -2.04581 3.37611 0.138117 
-18862.1 5.90014 6.99218 -0.92041 -2.02876 3.37603 0.0899627 
-18862.1 5.90702 6.99202 -0.917634 -2.03172 3.37611 0.102726 
-18862.1 5.90702 6.99202 -0.917634 -2.03172 3.37611 0.102726 
-18862.2 5.8502 6.99071 -0.888742 -2.05449 3.37601 0.146018 
-18862.3 5.88056 6.99193 -0.911599 -2.0316 3.37604 0.0951609 
-18862.3 5.88056 6.99193 -0.911599 -2.0316 3.37604 0.0951609 
-18862.3 5.88056 6.99193 -0.911599 -2.0316 3.37604 0.0951609 
-18862.3 5.88056 6.99193 -0.911599 -2.0316 3.37604 0.0951609 
-18862.3 5.88018 6.99179 -0.911166 -2.02858 3.37608 0.10051 
-18862.5 5.90562 6.99182 -0.913757 -2.0404 3.37607 0.114616 
-18862.5 5.8611 6.99096 -0.894283 -2.04754 3.3761 0.137956 
-18862.5 5.8611 6.99096 -0.894283 -2.04754 3.3761 0.137956 
-18862.5 5.85268 6.99103 -0.89262 -2.04782 3.37601 0.131229 
-18862.5 5.85268 6.99103 -0.89262 -2.04782 3.37601 0.131229 
-18862.7 5.86028 6.99105 -0.895727 -2.04753 3.37604 0.132484 
-18862.7 5.86028 6.99105 -0.895727 -2.04753 3.37604 0.132484 
-18862.7 5.86028 6.99105 -0.895727 -2.04753 3.37604 0.132484 
-18862.7 5.86028 6.99105 -0.895727 -2.04753 3.37604 0.132484 
-18862.7 5.82081 6.99059 -0.88343 -2.04666 3.37604 0.13626 
-18862.7 5.82081 6.99059 -0.88343 -2.04666 3.37604 0.13626 
-18862.7 5.82081 6.99059 -0.88343 -2.04666 3.37604 0.13626 
-18862.7 5.82081 6.99059 -0.88343 -2.04666 3.37604 0.13626 
-18862.7 5.82081 6.99059 -0.88343 -2.04666 3.37604 0.13626 
-18862.8 5.84055 6.99082 -0.889578 -2.0471 3.37604 0.134372 
-18862.8 5.82878 6.99066 -0.885324 -2.04793 3.37604 0.136936 
-18862.8 5.82878 6.99066 -0.885324 -2.04793 3.37604 0.136936 
-18862.8 5.82878 6.99066 -0.885324 -2.04793 3.37604 0.136936 
-18862.8 5.82878 6.99066 -0.885324 -2.04793 3.37604 0.136936 
-18862.8 5.83541 6.99076 -0.887822 -2.04676 3.37604 0.134961 
-18862.8 5.83541 6.99076 -0.887822 -2.04676 3.37604 0.134961 
-18862.8 5.83541 6.99076 -0.887822 -2.04676 3.37604 0.134961 
-18862.8 5.83541 6.99076 -0.887822 -2.04676 3.37604 0.134961 
-18862.8 5.83541 6.99076 -0.887822 -2.04676 3.37604 0.134961 
-18862.9 5.84025 6.99082 -0.889509 -2.04655 3.37605 0.134278 
-18862.9 5.84025 6.99082 -0.889509 -2.04655 3.37605 0.134278 
-18862.9 5.84025 6.99082 -0.889509 -2.04655 3.37605 0.134278 
-18862.9 5.84345 6.99083 -0.889781 -2.04741 3.37605 0.135631 
-18862.9 5.84345 6.99083 -0.889781 -2.04741 3.37605 0.135631 
-18862.9 5.84321 6.99084 -0.889984 -2.04718 3.37605 0.134783 
-18862.9 5.84321 6.99084 -0.889984 -2.04718 3.37605 0.134783 
-18862.9 5.84321 6.99084 -0.889984 -2.04718 3.37605 0.134783 
-18862.9 5.84789 6.99086 -0.890509 -2.04865 3.37605 0.136848 
-18862.9 5.84789 6.99086 -0.890509 -2.04865 3.37605 0.136848 
-18862.9 5.84789 6.99086 -0.890509 -2.04865 3.37605 0.136848 
-18862.9 5.84789 6.99086 -0.890509 -2.04865 3.37605 0.136848 
-18862.9 5.84789 6.99086 -0.890509 -2.04865 3.37605 0.136848 
-18862.9 5.84789 6.99086 -0.890509 -2.04865 3.37605 0.136848 
-18862.9 5.84789 6.99086 -0.890509 -2.04865 3.37605 0.136848 
-18862.9 5.84789 6.99086 -0.890509 -2.04865 3.37605 0.136848 
-18862.9 5.84789 6.99086 -0.890509 -2.04865 3.37605 0.136848 
-18862.9 5.84789 6.99086 -0.890509 -2.04865 3.37605 0.136848 
-18862.9 5.84789 6.99086 -0.890509 -2.04865 3.37605 0.136848 
-18862.9 5.84789 6.99086 -0.890509 -2.04865 3.37605 0.136848 
-18862.9 5.84789 6.99086 -0.890509 -2.04865 3.37605 0.136848 
-18862.9 5.84789 6.99086 -0.890509 -2.04865 3.37605 0.136848 
-18862.9 5.84789 6.99086 -0.890509 -2.04865 3.37605 0.136848 
-18862.9 5.84789 6.99086 -0.890509 -2.04865 3.37605 0.136848 
-18862.9 5.84789 6.99086 -0.890509 -2.04865 3.37605 0.136848 
-18862.9 5.84346 6.99082 -0.889379 -2.04792 3.37605 0.136363 
-18862.9 5.84346 6.99082 -0.889379 -2.04792 3.37605 0.136363 
-18862.9 5.84634 6.99084 -0.889955 -2.04838 3.37605 0.136714 
-18862.9 5.84386 6.99081 -0.889128 -2.04857 3.37605 0.137288 
-18862.9 5.84386 6.99081 -0.889128 -2.04857 3.37605 0.137288 
-18862.9 5.84386 6.99081 -0.889128 -2.04857 3.37605 0.137288 
-18862.9 5.84386 6.99081 -0.889128 -2.04857 3.37605 0.137288 
-18862.9 5.84577 6.99084 -0.889797 -2.04836 3.37605 0.136794 
-18862.9 5.84577 6.99084 -0.889797 -2.04836 3.37605 0.136794 
-18862.9 5.84577 6.99084 -0.889797 -2.04836 3.37605 0.136794 
-18862.9 5.84577 6.99084 -0.889797 -2.04836 3.37605 0.136794 
-18862.9 5.84577 6.99084 -0.889797 -2.04836 3.37605 0.136794 
-18862.9 5.84577 6.99084 -0.889797 -2.04836 3.37605 0.136794 
-18862.9 5.84577 6.99084 -0.889797 -2.04836 3.37605 0.136794 
-18862.9 5.84577 6.99084 -0.889797 -2.04836 3.37605 0.136794 
-18862.9 5.84577 6.99084 -0.889797 -2.04836 3.37605 0.136794 
-18862.9 5.84577 6.99084 -0.889797 -2.04836 3.37605 0.136794 
-18862.9 5.84577 6.99084 -0.889797 -2.04836 3.37605 0.136794 
-18862.9 5.84546 6.99084 -0.889861 -2.04813 3.37605 0.136418 
-18862.9 5.84546 6.99084 -0.889861 -2.04813 3.37605 0.136418 
-18862.9 5.84546 6.99084 -0.889861 -2.04813 3.37605 0.136418 
-18862.9 5.84546 6.99084 -0.889861 -2.04813 3.37605 0.136418 
-18862.9 5.84549 6.99084 -0.889851 -2.04816 3.37605 0.136457 
-18862.9 5.84549 6.99084 -0.889851 -2.04816 3.37605 0.136457 
-18862.9 5.84549 6.99084 -0.889851 -2.04816 3.37605 0.136457 
-18862.9 5.84549 6.99084 -0.889851 -2.04816 3.37605 0.136457 
-18862.9 5.84549 6.99084 -0.889851 -2.04816 3.37605 0.136457 
-18862.9 5.84549 6.99084 -0.889851 -2.04816 3.37605 0.136457 
-18862.9 5.84549 6.99084 -0.889851 -2.04816 3.37605 0.136457 
-18862.9 5.84549 6.99084 -0.889851 -2.04816 3.37605 0.136457 
-18862.9 5.84549 6.99084 -0.889851 -2.04816 3.37605 0.136457 
-18862.9 5.84549 6.99084 -0.889851 -2.04816 3.37605 0.136457 
-18862.9 5.84549 6.99084 -0.889851 -2.04816 3.37605 0.136457 
-18862.9 5.84549 6.99084 -0.889851 -2.04816 3.37605 0.136457 
-18862.9 5.84549 6.99084 -0.889851 -2.04816 3.37605 0.136457 
-18862.9 5.84549 6.99084 -0.889851 -2.04816 3.37605 0.136457 
