-11118.2 7.80998 5.06556 -1.19512 -2.0591 3.38567 -0.0520933 -4.81189 3.3751 0.0122233 
-11118.2 7.80998 5.06556 -1.19512 -2.0591 3.38567 -0.0520933 -4.81189 3.3751 0.0122233 
-11118.2 7.80998 5.06556 -1.19512 -2.0591 3.38567 -0.0520933 -4.81189 3.3751 0.0122233 
-11118.2 7.80998 5.06556 -1.19512 -2.0591 3.38567 -0.0520933 -4.81189 3.3751 0.0122233 
-11118.2 7.80998 5.06556 -1.19512 -2.0591 3.38567 -0.0520933 -4.81189 3.3751 0.0122233 
-11245.6 7.60201 5.05858 -1.18091 -2.01892 3.38473 -0.00907524 -4.61354 3.37461 -0.0215046 
-11245.6 7.60201 5.05858 -1.18091 -2.01892 3.38473 -0.00907524 -4.61354 3.37461 -0.0215046 
-11245.6 7.60201 5.05858 -1.18091 -2.01892 3.38473 -0.00907524 -4.61354 3.37461 -0.0215046 
-11245.6 7.60201 5.05858 -1.18091 -2.01892 3.38473 -0.00907524 -4.61354 3.37461 -0.0215046 
-11245.6 7.60201 5.05858 -1.18091 -2.01892 3.38473 -0.00907524 -4.61354 3.37461 -0.0215046 
-11245.6 7.60201 5.05858 -1.18091 -2.01892 3.38473 -0.00907524 -4.61354 3.37461 -0.0215046 
-11245.6 7.60201 5.05858 -1.18091 -2.01892 3.38473 -0.00907524 -4.61354 3.37461 -0.0215046 
-11245.6 7.60201 5.05858 -1.18091 -2.01892 3.38473 -0.00907524 -4.61354 3.37461 -0.0215046 
-11245.6 7.60201 5.05858 -1.18091 -2.01892 3.38473 -0.00907524 -4.61354 3.37461 -0.0215046 
-11245.6 7.60201 5.05858 -1.18091 -2.01892 3.38473 -0.00907524 -4.61354 3.37461 -0.0215046 
-11245.6 7.60201 5.05858 -1.18091 -2.01892 3.38473 -0.00907524 -4.61354 3.37461 -0.0215046 
-11245.6 7.60201 5.05858 -1.18091 -2.01892 3.38473 -0.00907524 -4.61354 3.37461 -0.0215046 
-11245.6 7.60201 5.05858 -1.18091 -2.01892 3.38473 -0.00907524 -4.61354 3.37461 -0.0215046 
-11245.6 7.60201 5.05858 -1.18091 -2.01892 3.38473 -0.00907524 -4.61354 3.37461 -0.0215046 
-11245.6 7.60201 5.05858 -1.18091 -2.01892 3.38473 -0.00907524 -4.61354 3.37461 -0.0215046 
-11259.8 7.70928 5.06277 -1.20303 -2.03716 3.38504 0.00381722 -4.70733 3.3754 -0.029969 
-11259.8 7.70928 5.06277 -1.20303 -2.03716 3.38504 0.00381722 -4.70733 3.3754 -0.029969 
-11259.8 7.70928 5.06277 -1.20303 -2.03716 3.38504 0.00381722 -4.70733 3.3754 -0.029969 
-11271.5 7.66525 5.05942 -1.22156 -1.98991 3.38356 0.0409492 -4.55927 3.37527 -0.0444402 
-11271.5 7.66525 5.05942 -1.22156 -1.98991 3.38356 0.0409492 -4.55927 3.37527 -0.0444402 
-11271.5 7.66525 5.05942 -1.22156 -1.98991 3.38356 0.0409492 -4.55927 3.37527 -0.0444402 
-11281.5 7.59098 5.05985 -1.17946 -2.00879 3.38478 0.0226051 -4.63085 3.3766 -0.0309683 
-11281.5 7.59098 5.05985 -1.17946 -2.00879 3.38478 0.0226051 -4.63085 3.3766 -0.0309683 
-11281.5 7.59098 5.05985 -1.17946 -2.00879 3.38478 0.0226051 -4.63085 3.3766 -0.0309683 
-11281.5 7.59098 5.05985 -1.17946 -2.00879 3.38478 0.0226051 -4.63085 3.3766 -0.0309683 
-11281.8 7.65826 5.05953 -1.16866 -2.03681 3.38433 0.0111343 -4.63843 3.37642 -0.083395 
-11281.8 7.65826 5.05953 -1.16866 -2.03681 3.38433 0.0111343 -4.63843 3.37642 -0.083395 
-11281.8 7.65826 5.05953 -1.16866 -2.03681 3.38433 0.0111343 -4.63843 3.37642 -0.083395 
-11281.8 7.65826 5.05953 -1.16866 -2.03681 3.38433 0.0111343 -4.63843 3.37642 -0.083395 
-11291.6 7.60669 5.06012 -1.16395 -2.02919 3.38384 0.0452506 -4.64172 3.37607 -0.0647389 
-11291.6 7.60669 5.06012 -1.16395 -2.02919 3.38384 0.0452506 -4.64172 3.37607 -0.0647389 
-11291.6 7.60669 5.06012 -1.16395 -2.02919 3.38384 0.0452506 -4.64172 3.37607 -0.0647389 
-11291.6 7.60669 5.06012 -1.16395 -2.02919 3.38384 0.0452506 -4.64172 3.37607 -0.0647389 
-11292.4 7.64476 5.05976 -1.20774 -2.0065 3.38395 0.0486055 -4.58838 3.37572 -0.0636411 
-11292.4 7.64476 5.05976 -1.20774 -2.0065 3.38395 0.0486055 -4.58838 3.37572 -0.0636411 
-11293.4 7.59688 5.05904 -1.19269 -2.01454 3.38399 0.0722063 -4.57808 3.37639 -0.0988544 
-11298.8 7.6305 5.06023 -1.17827 -2.0029 3.38402 0.0534286 -4.61926 3.37688 -0.0992674 
-11298.8 7.6305 5.06023 -1.17827 -2.0029 3.38402 0.0534286 -4.61926 3.37688 -0.0992674 
-11298.8 7.6305 5.06023 -1.17827 -2.0029 3.38402 0.0534286 -4.61926 3.37688 -0.0992674 
-11298.8 7.6305 5.06023 -1.17827 -2.0029 3.38402 0.0534286 -4.61926 3.37688 -0.0992674 
-11298.8 7.6305 5.06023 -1.17827 -2.0029 3.38402 0.0534286 -4.61926 3.37688 -0.0992674 
-11298.8 7.6305 5.06023 -1.17827 -2.0029 3.38402 0.0534286 -4.61926 3.37688 -0.0992674 
-11300.3 7.65266 5.06106 -1.19832 -2.02096 3.38411 0.0725068 -4.62877 3.37666 -0.0903636 
-11300.3 7.65266 5.06106 -1.19832 -2.02096 3.38411 0.0725068 -4.62877 3.37666 -0.0903636 
-11300.3 7.65266 5.06106 -1.19832 -2.02096 3.38411 0.0725068 -4.62877 3.37666 -0.0903636 
-11300.3 7.65266 5.06106 -1.19832 -2.02096 3.38411 0.0725068 -4.62877 3.37666 -0.0903636 
-11301.7 7.62478 5.06037 -1.17203 -2.02007 3.38428 0.0706051 -4.64178 3.37717 -0.0847436 
-11302.1 7.63906 5.06002 -1.18906 -2.01055 3.38395 0.0638084 -4.62818 3.37632 -0.045687 
-11302.1 7.63906 5.06002 -1.18906 -2.01055 3.38395 0.0638084 -4.62818 3.37632 -0.045687 
-11302.1 7.63906 5.06002 -1.18906 -2.01055 3.38395 0.0638084 -4.62818 3.37632 -0.045687 
-11302.1 7.63906 5.06002 -1.18906 -2.01055 3.38395 0.0638084 -4.62818 3.37632 -0.045687 
-11302.6 7.64258 5.06054 -1.18328 -2.01725 3.38383 0.0863617 -4.62282 3.37673 -0.103145 
-11302.6 7.64258 5.06054 -1.18328 -2.01725 3.38383 0.0863617 -4.62282 3.37673 -0.103145 
-11303.2 7.62453 5.06041 -1.17735 -2.01769 3.38398 0.0737512 -4.62693 3.37697 -0.081903 
-11303.5 7.62939 5.06027 -1.17917 -2.01843 3.38407 0.0630409 -4.61843 3.37664 -0.0810077 
-11303.8 7.61453 5.06045 -1.17296 -2.02164 3.38403 0.0661173 -4.63684 3.37661 -0.0756244 
-11305.1 7.60007 5.05953 -1.16904 -2.01203 3.38402 0.0740255 -4.6179 3.37667 -0.0631231 
-11305.7 7.63196 5.06093 -1.17261 -2.01799 3.38403 0.082803 -4.65139 3.3769 -0.0602124 
-11305.7 7.63196 5.06093 -1.17261 -2.01799 3.38403 0.082803 -4.65139 3.3769 -0.0602124 
-11305.7 7.63196 5.06093 -1.17261 -2.01799 3.38403 0.082803 -4.65139 3.3769 -0.0602124 
-11305.7 7.63196 5.06093 -1.17261 -2.01799 3.38403 0.082803 -4.65139 3.3769 -0.0602124 
-11305.7 7.63196 5.06093 -1.17261 -2.01799 3.38403 0.082803 -4.65139 3.3769 -0.0602124 
-11305.7 7.63196 5.06093 -1.17261 -2.01799 3.38403 0.082803 -4.65139 3.3769 -0.0602124 
-11305.8 7.60994 5.06032 -1.17384 -2.01904 3.38424 0.0755358 -4.63319 3.37658 -0.0632206 
-11305.8 7.60994 5.06032 -1.17384 -2.01904 3.38424 0.0755358 -4.63319 3.37658 -0.0632206 
-11310.1 7.60027 5.06068 -1.17095 -2.0179 3.38409 0.109302 -4.6545 3.37694 -0.066326 
-11310.1 7.60027 5.06068 -1.17095 -2.0179 3.38409 0.109302 -4.6545 3.37694 -0.066326 
-11310.1 7.60027 5.06068 -1.17095 -2.0179 3.38409 0.109302 -4.6545 3.37694 -0.066326 
-11310.1 7.60027 5.06068 -1.17095 -2.0179 3.38409 0.109302 -4.6545 3.37694 -0.066326 
-11310.1 7.60027 5.06068 -1.17095 -2.0179 3.38409 0.109302 -4.6545 3.37694 -0.066326 
-11310.1 7.60027 5.06068 -1.17095 -2.0179 3.38409 0.109302 -4.6545 3.37694 -0.066326 
-11310.1 7.60027 5.06068 -1.17095 -2.0179 3.38409 0.109302 -4.6545 3.37694 -0.066326 
-11311.2 7.58073 5.06076 -1.15396 -2.005 3.3843 0.118648 -4.67606 3.3773 -0.0236926 
-11311.2 7.58073 5.06076 -1.15396 -2.005 3.3843 0.118648 -4.67606 3.3773 -0.0236926 
-11314.2 7.58201 5.06084 -1.16644 -2.00784 3.38415 0.152395 -4.67687 3.37745 -0.0159273 
-11314.4 7.61237 5.06102 -1.17469 -2.00805 3.38389 0.161081 -4.67211 3.37677 -0.0409658 
-11314.4 7.61237 5.06102 -1.17469 -2.00805 3.38389 0.161081 -4.67211 3.37677 -0.0409658 
-11321.9 7.54216 5.06143 -1.14434 -2.01744 3.38424 0.166745 -4.72438 3.37712 0.0127934 
-11321.9 7.54216 5.06143 -1.14434 -2.01744 3.38424 0.166745 -4.72438 3.37712 0.0127934 
-11321.9 7.54216 5.06143 -1.14434 -2.01744 3.38424 0.166745 -4.72438 3.37712 0.0127934 
-11321.9 7.54216 5.06143 -1.14434 -2.01744 3.38424 0.166745 -4.72438 3.37712 0.0127934 
-11321.9 7.54216 5.06143 -1.14434 -2.01744 3.38424 0.166745 -4.72438 3.37712 0.0127934 
-11321.9 7.54216 5.06143 -1.14434 -2.01744 3.38424 0.166745 -4.72438 3.37712 0.0127934 
-11321.9 7.54216 5.06143 -1.14434 -2.01744 3.38424 0.166745 -4.72438 3.37712 0.0127934 
-11321.9 7.54216 5.06143 -1.14434 -2.01744 3.38424 0.166745 -4.72438 3.37712 0.0127934 
-11321.9 7.54216 5.06143 -1.14434 -2.01744 3.38424 0.166745 -4.72438 3.37712 0.0127934 
-11321.9 7.54216 5.06143 -1.14434 -2.01744 3.38424 0.166745 -4.72438 3.37712 0.0127934 
-11323.9 7.42214 5.06157 -1.0898 -2.00161 3.38452 0.261728 -4.80775 3.3787 0.087985 
-11323.9 7.42214 5.06157 -1.0898 -2.00161 3.38452 0.261728 -4.80775 3.3787 0.087985 
-11329.6 7.49103 5.06359 -1.11653 -1.99945 3.38444 0.303066 -4.85815 3.37836 0.111258 
-11329.6 7.49103 5.06359 -1.11653 -1.99945 3.38444 0.303066 -4.85815 3.37836 0.111258 
-11337.1 7.41614 5.06205 -1.10431 -1.98875 3.38458 0.292506 -4.82219 3.37787 0.147587 
-11337.1 7.41614 5.06205 -1.10431 -1.98875 3.38458 0.292506 -4.82219 3.37787 0.147587 
-11337.1 7.41614 5.06205 -1.10431 -1.98875 3.38458 0.292506 -4.82219 3.37787 0.147587 
-11337.1 7.41614 5.06205 -1.10431 -1.98875 3.38458 0.292506 -4.82219 3.37787 0.147587 
-11337.1 7.41614 5.06205 -1.10431 -1.98875 3.38458 0.292506 -4.82219 3.37787 0.147587 
-11337.1 7.41614 5.06205 -1.10431 -1.98875 3.38458 0.292506 -4.82219 3.37787 0.147587 
-11337.1 7.41614 5.06205 -1.10431 -1.98875 3.38458 0.292506 -4.82219 3.37787 0.147587 
-11337.1 7.41614 5.06205 -1.10431 -1.98875 3.38458 0.292506 -4.82219 3.37787 0.147587 
-11341.2 7.44882 5.06457 -1.10796 -2.00228 3.38475 0.34977 -4.92208 3.37722 0.200829 
-11341.2 7.44882 5.06457 -1.10796 -2.00228 3.38475 0.34977 -4.92208 3.37722 0.200829 
-11341.2 7.44882 5.06457 -1.10796 -2.00228 3.38475 0.34977 -4.92208 3.37722 0.200829 
-11341.2 7.44882 5.06457 -1.10796 -2.00228 3.38475 0.34977 -4.92208 3.37722 0.200829 
-11341.2 7.44882 5.06457 -1.10796 -2.00228 3.38475 0.34977 -4.92208 3.37722 0.200829 
-11342 7.32163 5.065 -1.05964 -1.98726 3.38497 0.451078 -5.00926 3.37867 0.305173 
-11342 7.32163 5.065 -1.05964 -1.98726 3.38497 0.451078 -5.00926 3.37867 0.305173 
-11342 7.32163 5.065 -1.05964 -1.98726 3.38497 0.451078 -5.00926 3.37867 0.305173 
-11342 7.32163 5.065 -1.05964 -1.98726 3.38497 0.451078 -5.00926 3.37867 0.305173 
-11342 7.32163 5.065 -1.05964 -1.98726 3.38497 0.451078 -5.00926 3.37867 0.305173 
-11343.7 7.33416 5.06617 -1.06933 -1.99383 3.38496 0.482947 -5.06138 3.37773 0.334432 
-11343.7 7.33416 5.06617 -1.06933 -1.99383 3.38496 0.482947 -5.06138 3.37773 0.334432 
-11343.7 7.33416 5.06617 -1.06933 -1.99383 3.38496 0.482947 -5.06138 3.37773 0.334432 
-11343.7 7.33416 5.06617 -1.06933 -1.99383 3.38496 0.482947 -5.06138 3.37773 0.334432 
-11343.7 7.33416 5.06617 -1.06933 -1.99383 3.38496 0.482947 -5.06138 3.37773 0.334432 
-11343.7 7.33416 5.06617 -1.06933 -1.99383 3.38496 0.482947 -5.06138 3.37773 0.334432 
-11343.7 7.33416 5.06617 -1.06933 -1.99383 3.38496 0.482947 -5.06138 3.37773 0.334432 
-11343.7 7.33416 5.06617 -1.06933 -1.99383 3.38496 0.482947 -5.06138 3.37773 0.334432 
-11343.7 7.33416 5.06617 -1.06933 -1.99383 3.38496 0.482947 -5.06138 3.37773 0.334432 
-11343.7 7.33416 5.06617 -1.06933 -1.99383 3.38496 0.482947 -5.06138 3.37773 0.334432 
-11344.5 7.38827 5.06736 -1.08643 -1.98487 3.38489 0.528593 -5.07156 3.37776 0.327641 
-11344.5 7.38827 5.06736 -1.08643 -1.98487 3.38489 0.528593 -5.07156 3.37776 0.327641 
-11344.5 7.38827 5.06736 -1.08643 -1.98487 3.38489 0.528593 -5.07156 3.37776 0.327641 
-11344.5 7.38827 5.06736 -1.08643 -1.98487 3.38489 0.528593 -5.07156 3.37776 0.327641 
-11344.5 7.38827 5.06736 -1.08643 -1.98487 3.38489 0.528593 -5.07156 3.37776 0.327641 
-11344.6 7.38116 5.0657 -1.0849 -1.9942 3.38486 0.447621 -4.99857 3.37802 0.251521 
-11344.6 7.38116 5.0657 -1.0849 -1.9942 3.38486 0.447621 -4.99857 3.37802 0.251521 
-11344.6 7.38116 5.0657 -1.0849 -1.9942 3.38486 0.447621 -4.99857 3.37802 0.251521 
-11344.6 7.41897 5.06783 -1.09897 -2.00952 3.38487 0.496025 -5.05874 3.37712 0.278582 
-11345.1 7.37068 5.06546 -1.07984 -1.99772 3.38492 0.442818 -4.99796 3.3779 0.262686 
-11347.6 7.45042 5.06599 -1.10745 -1.99337 3.38477 0.445688 -4.94829 3.37775 0.185626 
-11347.6 7.45042 5.06599 -1.10745 -1.99337 3.38477 0.445688 -4.94829 3.37775 0.185626 
-11347.6 7.45042 5.06599 -1.10745 -1.99337 3.38477 0.445688 -4.94829 3.37775 0.185626 
-11347.6 7.45042 5.06599 -1.10745 -1.99337 3.38477 0.445688 -4.94829 3.37775 0.185626 
-11347.6 7.45042 5.06599 -1.10745 -1.99337 3.38477 0.445688 -4.94829 3.37775 0.185626 
-11347.6 7.45042 5.06599 -1.10745 -1.99337 3.38477 0.445688 -4.94829 3.37775 0.185626 
-11347.6 7.45042 5.06599 -1.10745 -1.99337 3.38477 0.445688 -4.94829 3.37775 0.185626 
-11347.6 7.45042 5.06599 -1.10745 -1.99337 3.38477 0.445688 -4.94829 3.37775 0.185626 
-11348.9 7.51496 5.0698 -1.12295 -2.01807 3.38484 0.545619 -5.06227 3.37697 0.221305 
-11348.9 7.51496 5.0698 -1.12295 -2.01807 3.38484 0.545619 -5.06227 3.37697 0.221305 
-11348.9 7.51496 5.0698 -1.12295 -2.01807 3.38484 0.545619 -5.06227 3.37697 0.221305 
-11348.9 7.51496 5.0698 -1.12295 -2.01807 3.38484 0.545619 -5.06227 3.37697 0.221305 
-11348.9 7.51496 5.0698 -1.12295 -2.01807 3.38484 0.545619 -5.06227 3.37697 0.221305 
-11348.9 7.51496 5.0698 -1.12295 -2.01807 3.38484 0.545619 -5.06227 3.37697 0.221305 
-11348.9 7.51496 5.0698 -1.12295 -2.01807 3.38484 0.545619 -5.06227 3.37697 0.221305 
-11351.6 7.57978 5.06983 -1.14445 -2.00967 3.3848 0.520926 -4.99621 3.37705 0.155577 
-11351.6 7.57978 5.06983 -1.14445 -2.00967 3.3848 0.520926 -4.99621 3.37705 0.155577 
-11351.6 7.57978 5.06983 -1.14445 -2.00967 3.3848 0.520926 -4.99621 3.37705 0.155577 
-11351.6 7.57978 5.06983 -1.14445 -2.00967 3.3848 0.520926 -4.99621 3.37705 0.155577 
-11351.6 7.57978 5.06983 -1.14445 -2.00967 3.3848 0.520926 -4.99621 3.37705 0.155577 
-11351.6 7.57978 5.06983 -1.14445 -2.00967 3.3848 0.520926 -4.99621 3.37705 0.155577 
-11351.6 7.57978 5.06983 -1.14445 -2.00967 3.3848 0.520926 -4.99621 3.37705 0.155577 
-11351.6 7.57978 5.06983 -1.14445 -2.00967 3.3848 0.520926 -4.99621 3.37705 0.155577 
-11351.6 7.57978 5.06983 -1.14445 -2.00967 3.3848 0.520926 -4.99621 3.37705 0.155577 
-11351.6 7.57978 5.06983 -1.14445 -2.00967 3.3848 0.520926 -4.99621 3.37705 0.155577 
-11351.6 7.57978 5.06983 -1.14445 -2.00967 3.3848 0.520926 -4.99621 3.37705 0.155577 
-11351.6 7.57978 5.06983 -1.14445 -2.00967 3.3848 0.520926 -4.99621 3.37705 0.155577 
-11351.6 7.57978 5.06983 -1.14445 -2.00967 3.3848 0.520926 -4.99621 3.37705 0.155577 
-11353.1 7.73684 5.0713 -1.19131 -2.02782 3.38463 0.505495 -4.92449 3.3764 0.0104905 
-11353.1 7.73684 5.0713 -1.19131 -2.02782 3.38463 0.505495 -4.92449 3.3764 0.0104905 
-11353.1 7.73684 5.0713 -1.19131 -2.02782 3.38463 0.505495 -4.92449 3.3764 0.0104905 
-11353.1 7.73684 5.0713 -1.19131 -2.02782 3.38463 0.505495 -4.92449 3.3764 0.0104905 
-11353.1 7.73684 5.0713 -1.19131 -2.02782 3.38463 0.505495 -4.92449 3.3764 0.0104905 
-11353.1 7.73684 5.0713 -1.19131 -2.02782 3.38463 0.505495 -4.92449 3.3764 0.0104905 
-11353.1 7.73684 5.0713 -1.19131 -2.02782 3.38463 0.505495 -4.92449 3.3764 0.0104905 
-11353.1 7.73684 5.0713 -1.19131 -2.02782 3.38463 0.505495 -4.92449 3.3764 0.0104905 
-11353.1 7.73684 5.0713 -1.19131 -2.02782 3.38463 0.505495 -4.92449 3.3764 0.0104905 
-11353.4 7.85667 5.07543 -1.2252 -2.05452 3.38471 0.609591 -4.98602 3.37525 -0.0239384 
-11353.5 7.80065 5.07471 -1.20482 -2.02531 3.38479 0.635201 -4.99787 3.37607 0.04039 
-11353.5 7.80065 5.07471 -1.20482 -2.02531 3.38479 0.635201 -4.99787 3.37607 0.04039 
-11353.9 7.90068 5.07555 -1.24282 -2.03343 3.38479 0.616503 -4.93365 3.37565 -0.056245 
-11353.9 7.90068 5.07555 -1.24282 -2.03343 3.38479 0.616503 -4.93365 3.37565 -0.056245 
-11353.9 7.90068 5.07555 -1.24282 -2.03343 3.38479 0.616503 -4.93365 3.37565 -0.056245 
-11353.9 7.90068 5.07555 -1.24282 -2.03343 3.38479 0.616503 -4.93365 3.37565 -0.056245 
-11353.9 7.90068 5.07555 -1.24282 -2.03343 3.38479 0.616503 -4.93365 3.37565 -0.056245 
-11353.9 7.90068 5.07555 -1.24282 -2.03343 3.38479 0.616503 -4.93365 3.37565 -0.056245 
-11353.9 7.90068 5.07555 -1.24282 -2.03343 3.38479 0.616503 -4.93365 3.37565 -0.056245 
-11354.1 7.7126 5.07181 -1.18433 -2.0216 3.38476 0.550702 -4.95451 3.37631 0.0536937 
-11354.2 7.83123 5.07522 -1.21953 -2.03059 3.38479 0.640899 -4.98733 3.37566 0.0153325 
-11354.2 7.83123 5.07522 -1.21953 -2.03059 3.38479 0.640899 -4.98733 3.37566 0.0153325 
-11354.5 7.76303 5.07374 -1.19977 -2.02489 3.38477 0.6055 -4.98987 3.37609 0.0485977 
-11354.7 7.80281 5.07431 -1.20859 -2.02726 3.38476 0.615113 -4.97945 3.37597 0.0245643 
-11354.7 7.80281 5.07431 -1.20859 -2.02726 3.38476 0.615113 -4.97945 3.37597 0.0245643 
-11354.7 7.80281 5.07431 -1.20859 -2.02726 3.38476 0.615113 -4.97945 3.37597 0.0245643 
-11354.7 7.80281 5.07431 -1.20859 -2.02726 3.38476 0.615113 -4.97945 3.37597 0.0245643 
-11354.7 7.80281 5.07431 -1.20859 -2.02726 3.38476 0.615113 -4.97945 3.37597 0.0245643 
-11354.7 7.80281 5.07431 -1.20859 -2.02726 3.38476 0.615113 -4.97945 3.37597 0.0245643 
-11354.7 7.80281 5.07431 -1.20859 -2.02726 3.38476 0.615113 -4.97945 3.37597 0.0245643 
-11354.7 7.8497 5.07491 -1.2258 -2.03099 3.38475 0.618663 -4.95715 3.37567 -0.0167511 
-11354.8 7.83769 5.07492 -1.22223 -2.03143 3.38477 0.618926 -4.96861 3.37566 0.000392119 
-11354.8 7.83769 5.07492 -1.22223 -2.03143 3.38477 0.618926 -4.96861 3.37566 0.000392119 
-11354.9 7.82421 5.07452 -1.21852 -2.02486 3.38476 0.618613 -4.9613 3.37586 0.00465492 
-11354.9 7.82421 5.07452 -1.21852 -2.02486 3.38476 0.618613 -4.9613 3.37586 0.00465492 
-11354.9 7.82421 5.07452 -1.21852 -2.02486 3.38476 0.618613 -4.9613 3.37586 0.00465492 
-11354.9 7.82421 5.07452 -1.21852 -2.02486 3.38476 0.618613 -4.9613 3.37586 0.00465492 
-11354.9 7.82421 5.07452 -1.21852 -2.02486 3.38476 0.618613 -4.9613 3.37586 0.00465492 
-11354.9 7.82421 5.07452 -1.21852 -2.02486 3.38476 0.618613 -4.9613 3.37586 0.00465492 
-11354.9 7.82421 5.07452 -1.21852 -2.02486 3.38476 0.618613 -4.9613 3.37586 0.00465492 
-11355 7.82169 5.07458 -1.21728 -2.02645 3.38477 0.619743 -4.9667 3.37586 0.00734721 
-11355 7.82169 5.07458 -1.21728 -2.02645 3.38477 0.619743 -4.9667 3.37586 0.00734721 
-11355 7.82169 5.07458 -1.21728 -2.02645 3.38477 0.619743 -4.9667 3.37586 0.00734721 
-11355 7.83448 5.07475 -1.22213 -2.02685 3.38477 0.621412 -4.96107 3.37579 -0.00164175 
-11355 7.83448 5.07475 -1.22213 -2.02685 3.38477 0.621412 -4.96107 3.37579 -0.00164175 
-11355 7.83448 5.07475 -1.22213 -2.02685 3.38477 0.621412 -4.96107 3.37579 -0.00164175 
-11355 7.81563 5.07451 -1.2157 -2.02644 3.38477 0.619106 -4.96974 3.37584 0.0129496 
-11355 7.81563 5.07451 -1.2157 -2.02644 3.38477 0.619106 -4.96974 3.37584 0.0129496 
-11355 7.81563 5.07451 -1.2157 -2.02644 3.38477 0.619106 -4.96974 3.37584 0.0129496 
-11355 7.81563 5.07451 -1.2157 -2.02644 3.38477 0.619106 -4.96974 3.37584 0.0129496 
-11355 7.81563 5.07451 -1.2157 -2.02644 3.38477 0.619106 -4.96974 3.37584 0.0129496 
-11355 7.81563 5.07451 -1.2157 -2.02644 3.38477 0.619106 -4.96974 3.37584 0.0129496 
-11355 7.8115 5.0744 -1.21497 -2.02234 3.38477 0.622696 -4.96586 3.37599 0.012783 
-11355 7.8142 5.07441 -1.21587 -2.02485 3.38477 0.617432 -4.9649 3.37589 0.0109977 
-11355 7.8142 5.07441 -1.21587 -2.02485 3.38477 0.617432 -4.9649 3.37589 0.0109977 
-11355 7.8142 5.07441 -1.21587 -2.02485 3.38477 0.617432 -4.9649 3.37589 0.0109977 
-11355 7.82045 5.07453 -1.21877 -2.02399 3.38477 0.620303 -4.96295 3.37585 0.00836492 
-11355 7.82045 5.07453 -1.21877 -2.02399 3.38477 0.620303 -4.96295 3.37585 0.00836492 
-11355 7.82045 5.07453 -1.21877 -2.02399 3.38477 0.620303 -4.96295 3.37585 0.00836492 
-11355 7.82045 5.07453 -1.21877 -2.02399 3.38477 0.620303 -4.96295 3.37585 0.00836492 
-11355 7.82045 5.07453 -1.21877 -2.02399 3.38477 0.620303 -4.96295 3.37585 0.00836492 
-11355 7.82045 5.07453 -1.21877 -2.02399 3.38477 0.620303 -4.96295 3.37585 0.00836492 
-11355 7.82045 5.07453 -1.21877 -2.02399 3.38477 0.620303 -4.96295 3.37585 0.00836492 
-11355 7.82045 5.07453 -1.21877 -2.02399 3.38477 0.620303 -4.96295 3.37585 0.00836492 
-11355.1 7.81667 5.07441 -1.21773 -2.02193 3.38477 0.621053 -4.95995 3.37594 0.00754631 
-11355.1 7.8042 5.07423 -1.21447 -2.01951 3.38477 0.622535 -4.96173 3.37601 0.0157374 
-11355.1 7.8042 5.07423 -1.21447 -2.01951 3.38477 0.622535 -4.96173 3.37601 0.0157374 
-11355.1 7.8042 5.07423 -1.21447 -2.01951 3.38477 0.622535 -4.96173 3.37601 0.0157374 
-11355.1 7.8042 5.07423 -1.21447 -2.01951 3.38477 0.622535 -4.96173 3.37601 0.0157374 
-11355.1 7.8042 5.07423 -1.21447 -2.01951 3.38477 0.622535 -4.96173 3.37601 0.0157374 
-11355.1 7.8042 5.07423 -1.21447 -2.01951 3.38477 0.622535 -4.96173 3.37601 0.0157374 
-11355.1 7.8042 5.07423 -1.21447 -2.01951 3.38477 0.622535 -4.96173 3.37601 0.0157374 
-11355.1 7.81082 5.07436 -1.2179 -2.01872 3.38477 0.624115 -4.95893 3.37595 0.0132035 
-11355.1 7.81082 5.07436 -1.2179 -2.01872 3.38477 0.624115 -4.95893 3.37595 0.0132035 
-11355.1 7.81082 5.07436 -1.2179 -2.01872 3.38477 0.624115 -4.95893 3.37595 0.0132035 
-11355.1 7.81054 5.07423 -1.21857 -2.0161 3.38477 0.623054 -4.95154 3.37602 0.00942514 
-11355.1 7.81054 5.07423 -1.21857 -2.0161 3.38477 0.623054 -4.95154 3.37602 0.00942514 
-11355.1 7.81054 5.07423 -1.21857 -2.0161 3.38477 0.623054 -4.95154 3.37602 0.00942514 
-11355.1 7.81054 5.07423 -1.21857 -2.0161 3.38477 0.623054 -4.95154 3.37602 0.00942514 
-11355.1 7.81054 5.07423 -1.21857 -2.0161 3.38477 0.623054 -4.95154 3.37602 0.00942514 
-11355.1 7.80077 5.07417 -1.21611 -2.01628 3.38477 0.623082 -4.95704 3.37599 0.0188443 
-11355.1 7.80452 5.07419 -1.21636 -2.017 3.38477 0.622722 -4.95578 3.37602 0.014127 
-11355.1 7.80469 5.07415 -1.21713 -2.01549 3.38477 0.622301 -4.95306 3.37604 0.014292 
-11355.1 7.80469 5.07415 -1.21713 -2.01549 3.38477 0.622301 -4.95306 3.37604 0.014292 
-11355.1 7.80469 5.07415 -1.21713 -2.01549 3.38477 0.622301 -4.95306 3.37604 0.014292 
-11355.1 7.80469 5.07415 -1.21713 -2.01549 3.38477 0.622301 -4.95306 3.37604 0.014292 
-11355.1 7.81122 5.07423 -1.22117 -2.01474 3.38477 0.620467 -4.94717 3.37594 0.0106984 
-11355.1 7.80234 5.07408 -1.21624 -2.01623 3.38477 0.618766 -4.9522 3.37603 0.0143553 
-11355.1 7.80234 5.07408 -1.21624 -2.01623 3.38477 0.618766 -4.9522 3.37603 0.0143553 
-11355.1 7.80234 5.07408 -1.21624 -2.01623 3.38477 0.618766 -4.9522 3.37603 0.0143553 
-11355.1 7.80436 5.07412 -1.21846 -2.01378 3.38477 0.622436 -4.94885 3.37602 0.0136091 
-11355.1 7.80436 5.07412 -1.21846 -2.01378 3.38477 0.622436 -4.94885 3.37602 0.0136091 
-11355.1 7.80436 5.07412 -1.21846 -2.01378 3.38477 0.622436 -4.94885 3.37602 0.0136091 
-11355.1 7.80436 5.07412 -1.21846 -2.01378 3.38477 0.622436 -4.94885 3.37602 0.0136091 
-11355.1 7.80436 5.07412 -1.21846 -2.01378 3.38477 0.622436 -4.94885 3.37602 0.0136091 
-11355.1 7.80499 5.0741 -1.2185 -2.01462 3.38477 0.61925 -4.9484 3.376 0.013426 
-11355.1 7.79668 5.07395 -1.2167 -2.01225 3.38477 0.61916 -4.9481 3.37606 0.0187561 
-11355.1 7.79668 5.07395 -1.2167 -2.01225 3.38477 0.61916 -4.9481 3.37606 0.0187561 
-11355.1 7.80434 5.07413 -1.21739 -2.01538 3.38477 0.620981 -4.95193 3.37602 0.0143853 
-11355.1 7.80434 5.07413 -1.21739 -2.01538 3.38477 0.620981 -4.95193 3.37602 0.0143853 
-11355.1 7.80434 5.07413 -1.21739 -2.01538 3.38477 0.620981 -4.95193 3.37602 0.0143853 
-11355.1 7.80079 5.07408 -1.21728 -2.01424 3.38477 0.62058 -4.95104 3.37601 0.0173243 
-11355.1 7.80079 5.07408 -1.21728 -2.01424 3.38477 0.62058 -4.95104 3.37601 0.0173243 
-11355.1 7.80079 5.07408 -1.21728 -2.01424 3.38477 0.62058 -4.95104 3.37601 0.0173243 
-11355.1 7.80079 5.07408 -1.21728 -2.01424 3.38477 0.62058 -4.95104 3.37601 0.0173243 
-11355.1 7.80359 5.07409 -1.21797 -2.01447 3.38477 0.6198 -4.94932 3.37601 0.0144826 
-11355.1 7.80219 5.07408 -1.21763 -2.01436 3.38477 0.62019 -4.95018 3.37601 0.0159034 
-11355.1 7.80219 5.07408 -1.21763 -2.01436 3.38477 0.62019 -4.95018 3.37601 0.0159034 
-11355.1 7.80219 5.07408 -1.21763 -2.01436 3.38477 0.62019 -4.95018 3.37601 0.0159034 
-11355.1 7.80219 5.07408 -1.21763 -2.01436 3.38477 0.62019 -4.95018 3.37601 0.0159034 
-11355.1 7.80219 5.07408 -1.21763 -2.01436 3.38477 0.62019 -4.95018 3.37601 0.0159034 
-11355.1 7.80219 5.07408 -1.21763 -2.01436 3.38477 0.62019 -4.95018 3.37601 0.0159034 
-11355.1 7.80219 5.07408 -1.21763 -2.01436 3.38477 0.62019 -4.95018 3.37601 0.0159034 
-11355.1 7.80248 5.07409 -1.21758 -2.01454 3.38477 0.620032 -4.95025 3.37601 0.0155548 
-11355.1 7.80248 5.07409 -1.21758 -2.01454 3.38477 0.620032 -4.95025 3.37601 0.0155548 
-11355.1 7.80251 5.07409 -1.21764 -2.01446 3.38477 0.620062 -4.95011 3.37601 0.0155515 
-11355.1 7.80256 5.07408 -1.21769 -2.0144 3.38477 0.620027 -4.94996 3.37601 0.0155055 
-11355.1 7.80255 5.07409 -1.2176 -2.01453 3.38477 0.620032 -4.95022 3.37601 0.0154994 
-11355.1 7.80255 5.07409 -1.2176 -2.01453 3.38477 0.620032 -4.95022 3.37601 0.0154994 
-11355.1 7.80275 5.07409 -1.21765 -2.0146 3.38477 0.620076 -4.95028 3.37601 0.0154285 
-11355.1 7.80275 5.07409 -1.21765 -2.0146 3.38477 0.620076 -4.95028 3.37601 0.0154285 
-11355.1 7.80275 5.07409 -1.21765 -2.0146 3.38477 0.620076 -4.95028 3.37601 0.0154285 
-11355.1 7.80275 5.07409 -1.21765 -2.0146 3.38477 0.620076 -4.95028 3.37601 0.0154285 
-11355.1 7.80275 5.07409 -1.21765 -2.0146 3.38477 0.620076 -4.95028 3.37601 0.0154285 
-11355.1 7.80266 5.07409 -1.21764 -2.01453 3.38477 0.620026 -4.95016 3.37601 0.0154377 
-11355.1 7.80266 5.07409 -1.21764 -2.01453 3.38477 0.620026 -4.95016 3.37601 0.0154377 
-11355.1 7.80266 5.07409 -1.21764 -2.01453 3.38477 0.620026 -4.95016 3.37601 0.0154377 
-11355.1 7.80266 5.07409 -1.21764 -2.01453 3.38477 0.620026 -4.95016 3.37601 0.0154377 
-11355.1 7.80266 5.07409 -1.21764 -2.01453 3.38477 0.620026 -4.95016 3.37601 0.0154377 
-11355.1 7.80268 5.07409 -1.21768 -2.01451 3.38477 0.619991 -4.95009 3.37601 0.0154324 
-11355.1 7.80268 5.07409 -1.21768 -2.01451 3.38477 0.619991 -4.95009 3.37601 0.0154324 
-11355.1 7.80268 5.07409 -1.21768 -2.01451 3.38477 0.619991 -4.95009 3.37601 0.0154324 
-11355.1 7.80268 5.07409 -1.21768 -2.01451 3.38477 0.619991 -4.95009 3.37601 0.0154324 
-11355.1 7.80268 5.07409 -1.21768 -2.01451 3.38477 0.619991 -4.95009 3.37601 0.0154324 
-11355.1 7.80268 5.07409 -1.21768 -2.01451 3.38477 0.619991 -4.95009 3.37601 0.0154324 
-11355.1 7.80268 5.07409 -1.21768 -2.01451 3.38477 0.619991 -4.95009 3.37601 0.0154324 
-11355.1 7.80268 5.07409 -1.21768 -2.01451 3.38477 0.619991 -4.95009 3.37601 0.0154324 
-11355.1 7.80268 5.07409 -1.21768 -2.01451 3.38477 0.619991 -4.95009 3.37601 0.0154324 
-11355.1 7.80268 5.07409 -1.21768 -2.01451 3.38477 0.619991 -4.95009 3.37601 0.0154324 
-11355.1 7.80268 5.07409 -1.21768 -2.01451 3.38477 0.619991 -4.95009 3.37601 0.0154324 
-11355.1 7.80268 5.07409 -1.21768 -2.01451 3.38477 0.619991 -4.95009 3.37601 0.0154324 
-11355.1 7.80268 5.07409 -1.21768 -2.01451 3.38477 0.619991 -4.95009 3.37601 0.0154324 
-11355.1 7.80268 5.07409 -1.21768 -2.01451 3.38477 0.619991 -4.95009 3.37601 0.0154324 
-11355.1 7.80268 5.07409 -1.21768 -2.01451 3.38477 0.619991 -4.95009 3.37601 0.0154324 
-11355.1 7.80268 5.07409 -1.21768 -2.01451 3.38477 0.619991 -4.95009 3.37601 0.0154324 
-11355.1 7.80268 5.07409 -1.21768 -2.01451 3.38477 0.619991 -4.95009 3.37601 0.0154324 
-11355.1 7.80268 5.07409 -1.21768 -2.01451 3.38477 0.619991 -4.95009 3.37601 0.0154324 
-11355.1 7.80268 5.07409 -1.21768 -2.01451 3.38477 0.619991 -4.95009 3.37601 0.0154324 
-11355.1 7.80268 5.07409 -1.21768 -2.01451 3.38477 0.619991 -4.95009 3.37601 0.0154324 
-11355.1 7.80268 5.07409 -1.21768 -2.01451 3.38477 0.619991 -4.95009 3.37601 0.0154324 
-11355.2 7.80269 5.07409 -1.21768 -2.01451 3.38477 0.619962 -4.95008 3.37601 0.0154323 
-11355.2 7.80269 5.07409 -1.21768 -2.01451 3.38477 0.619962 -4.95008 3.37601 0.0154323 
-11355.2 7.80269 5.07409 -1.21768 -2.01451 3.38477 0.619962 -4.95008 3.37601 0.0154323 
-11355.2 7.80269 5.07409 -1.21768 -2.01451 3.38477 0.619962 -4.95008 3.37601 0.0154323 
-11355.2 7.80269 5.07409 -1.21768 -2.01451 3.38477 0.619962 -4.95008 3.37601 0.0154323 
-11355.2 7.80269 5.07409 -1.21768 -2.01451 3.38477 0.619962 -4.95008 3.37601 0.0154323 
-11355.2 7.80269 5.07409 -1.21768 -2.01451 3.38477 0.619974 -4.95008 3.37601 0.0154234 
-11355.2 7.80269 5.07409 -1.21768 -2.01451 3.38477 0.619974 -4.95008 3.37601 0.0154234 
-11355.2 7.80269 5.07409 -1.21768 -2.01451 3.38477 0.619974 -4.95008 3.37601 0.0154234 
-11355.2 7.80269 5.07409 -1.21768 -2.01451 3.38477 0.619974 -4.95008 3.37601 0.0154234 
-11355.2 7.80269 5.07409 -1.21767 -2.01453 3.38477 0.619976 -4.9501 3.37601 0.0154277 
-11355.2 7.80269 5.07409 -1.21767 -2.01453 3.38477 0.619976 -4.9501 3.37601 0.0154277 
-11355.2 7.80269 5.07409 -1.21767 -2.01453 3.38477 0.619976 -4.9501 3.37601 0.0154277 
-11355.2 7.80269 5.07409 -1.21767 -2.01453 3.38477 0.619976 -4.9501 3.37601 0.0154277 
-11355.2 7.80269 5.07409 -1.21767 -2.01453 3.38477 0.619976 -4.9501 3.37601 0.0154277 
-11355.2 7.80269 5.07409 -1.21767 -2.01453 3.38477 0.619976 -4.9501 3.37601 0.0154277 
-11355.2 7.80269 5.07409 -1.21767 -2.01453 3.38477 0.619976 -4.9501 3.37601 0.0154277 
-11355.2 7.80269 5.07409 -1.21767 -2.01453 3.38477 0.619976 -4.9501 3.37601 0.0154277 
-11355.2 7.80269 5.07409 -1.21767 -2.01453 3.38477 0.619976 -4.9501 3.37601 0.0154277 
-11355.2 7.80269 5.07409 -1.21767 -2.01453 3.38477 0.619976 -4.9501 3.37601 0.0154277 
-11355.2 7.80269 5.07409 -1.21767 -2.01453 3.38477 0.619976 -4.9501 3.37601 0.0154277 
-11355.2 7.80269 5.07409 -1.21767 -2.01453 3.38477 0.619976 -4.9501 3.37601 0.0154277 
