779886 6.81728 9.20001 -0.278827 -3.22997 3.3691 0.188694 
779886 6.81728 9.20001 -0.278827 -3.22997 3.3691 0.188694 
779886 6.81728 9.20001 -0.278827 -3.22997 3.3691 0.188694 
393150 6.36329 9.20118 -0.844502 -2.99832 3.38496 0.210679 
393150 6.36329 9.20118 -0.844502 -2.99832 3.38496 0.210679 
393150 6.36329 9.20118 -0.844502 -2.99832 3.38496 0.210679 
393150 6.36329 9.20118 -0.844502 -2.99832 3.38496 0.210679 
393150 6.36329 9.20118 -0.844502 -2.99832 3.38496 0.210679 
393150 6.36329 9.20118 -0.844502 -2.99832 3.38496 0.210679 
393150 6.36329 9.20118 -0.844502 -2.99832 3.38496 0.210679 
393150 6.36329 9.20118 -0.844502 -2.99832 3.38496 0.210679 
393150 6.36329 9.20118 -0.844502 -2.99832 3.38496 0.210679 
292810 6.50679 9.19853 -0.348436 -3.24108 3.38491 0.618121 
292810 6.50679 9.19853 -0.348436 -3.24108 3.38491 0.618121 
292810 6.50679 9.19853 -0.348436 -3.24108 3.38491 0.618121 
292810 6.50679 9.19853 -0.348436 -3.24108 3.38491 0.618121 
292810 6.50679 9.19853 -0.348436 -3.24108 3.38491 0.618121 
291199 6.12281 9.19972 -0.243616 -2.72855 3.38542 0.258779 
291199 6.12281 9.19972 -0.243616 -2.72855 3.38542 0.258779 
291199 6.12281 9.19972 -0.243616 -2.72855 3.38542 0.258779 
291199 6.12281 9.19972 -0.243616 -2.72855 3.38542 0.258779 
291199 6.12281 9.19972 -0.243616 -2.72855 3.38542 0.258779 
291199 6.12281 9.19972 -0.243616 -2.72855 3.38542 0.258779 
291199 6.12281 9.19972 -0.243616 -2.72855 3.38542 0.258779 
291199 6.12281 9.19972 -0.243616 -2.72855 3.38542 0.258779 
291199 6.12281 9.19972 -0.243616 -2.72855 3.38542 0.258779 
279821 6.21596 9.20317 -0.205007 -2.95788 3.38555 0.546773 
279821 6.21596 9.20317 -0.205007 -2.95788 3.38555 0.546773 
279821 6.21596 9.20317 -0.205007 -2.95788 3.38555 0.546773 
279821 6.21596 9.20317 -0.205007 -2.95788 3.38555 0.546773 
278436 6.27235 9.20226 -0.319183 -2.82516 3.38727 0.539934 
277277 6.23815 9.20213 -0.244249 -2.8922 3.38631 0.602227 
277277 6.23815 9.20213 -0.244249 -2.8922 3.38631 0.602227 
275957 6.19097 9.2012 -0.270851 -2.82693 3.38573 0.403669 
275957 6.19097 9.2012 -0.270851 -2.82693 3.38573 0.403669 
275957 6.19097 9.2012 -0.270851 -2.82693 3.38573 0.403669 
275957 6.19097 9.2012 -0.270851 -2.82693 3.38573 0.403669 
275957 6.19097 9.2012 -0.270851 -2.82693 3.38573 0.403669 
275421 6.26066 9.20214 -0.312041 -2.85722 3.38667 0.528067 
275421 6.26066 9.20214 -0.312041 -2.85722 3.38667 0.528067 
274908 6.24403 9.20212 -0.276457 -2.89089 3.3862 0.553942 
274908 6.24403 9.20212 -0.276457 -2.89089 3.3862 0.553942 
274908 6.24403 9.20212 -0.276457 -2.89089 3.3862 0.553942 
274637 6.24473 9.20175 -0.304105 -2.88516 3.38617 0.507984 
274347 6.21847 9.20134 -0.286356 -2.84186 3.38608 0.456546 
274347 6.21847 9.20134 -0.286356 -2.84186 3.38608 0.456546 
274347 6.21847 9.20134 -0.286356 -2.84186 3.38608 0.456546 
273789 6.19095 9.20187 -0.287349 -2.83338 3.38594 0.471497 
273789 6.19095 9.20187 -0.287349 -2.83338 3.38594 0.471497 
273394 6.17042 9.20181 -0.351301 -2.74608 3.38628 0.359738 
273261 6.16948 9.20229 -0.314437 -2.75372 3.38632 0.421015 
273261 6.16948 9.20229 -0.314437 -2.75372 3.38632 0.421015 
273261 6.16948 9.20229 -0.314437 -2.75372 3.38632 0.421015 
272968 6.09794 9.204 -0.360034 -2.66777 3.38649 0.387628 
272968 6.09794 9.204 -0.360034 -2.66777 3.38649 0.387628 
272968 6.09794 9.204 -0.360034 -2.66777 3.38649 0.387628 
272600 6.06915 9.20315 -0.370416 -2.61388 3.38631 0.275992 
272600 6.06915 9.20315 -0.370416 -2.61388 3.38631 0.275992 
272441 6.05457 9.20473 -0.345427 -2.62099 3.38635 0.352785 
272441 6.05457 9.20473 -0.345427 -2.62099 3.38635 0.352785 
272441 6.05457 9.20473 -0.345427 -2.62099 3.38635 0.352785 
272441 6.05457 9.20473 -0.345427 -2.62099 3.38635 0.352785 
272441 6.05457 9.20473 -0.345427 -2.62099 3.38635 0.352785 
272249 6.04851 9.20422 -0.359705 -2.59839 3.38645 0.336649 
272249 6.04851 9.20422 -0.359705 -2.59839 3.38645 0.336649 
272249 6.04851 9.20422 -0.359705 -2.59839 3.38645 0.336649 
272249 6.04851 9.20422 -0.359705 -2.59839 3.38645 0.336649 
272249 6.04851 9.20422 -0.359705 -2.59839 3.38645 0.336649 
272249 6.04851 9.20422 -0.359705 -2.59839 3.38645 0.336649 
271893 6.06635 9.20316 -0.345689 -2.64022 3.3864 0.377986 
271893 6.06635 9.20316 -0.345689 -2.64022 3.3864 0.377986 
271893 6.06635 9.20316 -0.345689 -2.64022 3.3864 0.377986 
271893 6.06635 9.20316 -0.345689 -2.64022 3.3864 0.377986 
271893 6.06635 9.20316 -0.345689 -2.64022 3.3864 0.377986 
271662 6.0373 9.20373 -0.342217 -2.6128 3.38642 0.406631 
271662 6.0373 9.20373 -0.342217 -2.6128 3.38642 0.406631 
271662 6.0373 9.20373 -0.342217 -2.6128 3.38642 0.406631 
271625 5.99859 9.20299 -0.375604 -2.55305 3.38653 0.3572 
271625 5.99859 9.20299 -0.375604 -2.55305 3.38653 0.3572 
271137 6.02067 9.20228 -0.332553 -2.63152 3.38614 0.416999 
270658 6.03774 9.20082 -0.337723 -2.63203 3.38653 0.473687 
270658 6.03774 9.20082 -0.337723 -2.63203 3.38653 0.473687 
270658 6.03774 9.20082 -0.337723 -2.63203 3.38653 0.473687 
269938 5.957 9.19965 -0.364707 -2.53684 3.38646 0.430067 
269938 5.957 9.19965 -0.364707 -2.53684 3.38646 0.430067 
269161 5.9734 9.19774 -0.294301 -2.64462 3.38612 0.596756 
269161 5.9734 9.19774 -0.294301 -2.64462 3.38612 0.596756 
268742 6.00839 9.19445 -0.316023 -2.66832 3.38639 0.649043 
267040 5.92959 9.1909 -0.329109 -2.58103 3.38649 0.638335 
267040 5.92959 9.1909 -0.329109 -2.58103 3.38649 0.638335 
265706 5.93493 9.18755 -0.275048 -2.64881 3.3864 0.844147 
265706 5.93493 9.18755 -0.275048 -2.64881 3.3864 0.844147 
264782 5.94535 9.1783 -0.205329 -2.79871 3.38573 1.06707 
263815 5.87245 9.17046 -0.275645 -2.66651 3.38657 1.14276 
259931 5.7345 9.16505 -0.21201 -2.61821 3.38613 1.28505 
259931 5.7345 9.16505 -0.21201 -2.61821 3.38613 1.28505 
259931 5.7345 9.16505 -0.21201 -2.61821 3.38613 1.28505 
256569 5.74512 9.13928 -0.113234 -2.8231 3.38587 1.88732 
256569 5.74512 9.13928 -0.113234 -2.8231 3.38587 1.88732 
252344 5.5291 9.11472 -0.108953 -2.68374 3.38683 2.40817 
252344 5.5291 9.11472 -0.108953 -2.68374 3.38683 2.40817 
246232 5.31492 9.0883 0.0254977 -2.75623 3.38566 3.00817 
246232 5.31492 9.0883 0.0254977 -2.75623 3.38566 3.00817 
229897 5.2051 9.0215 0.250393 -3.11005 3.38567 4.55298 
229897 5.2051 9.0215 0.250393 -3.11005 3.38567 4.55298 
229897 5.2051 9.0215 0.250393 -3.11005 3.38567 4.55298 
226719 4.56446 8.95168 0.247108 -2.72002 3.38681 5.77731 
225124 4.69406 8.96561 0.372114 -2.95504 3.38531 5.64274 
217015 4.60424 8.94061 0.427882 -3.00217 3.38589 6.29125 
216807 4.65883 8.94653 0.385874 -2.97216 3.38616 6.08295 
214381 4.58773 8.9357 0.414455 -2.99622 3.38593 6.3128 
214381 4.58773 8.9357 0.414455 -2.99622 3.38593 6.3128 
214381 4.58773 8.9357 0.414455 -2.99622 3.38593 6.3128 
214381 4.58773 8.9357 0.414455 -2.99622 3.38593 6.3128 
214381 4.58773 8.9357 0.414455 -2.99622 3.38593 6.3128 
214381 4.58773 8.9357 0.414455 -2.99622 3.38593 6.3128 
213642 4.59805 8.92357 0.458357 -3.08816 3.38604 6.63412 
213642 4.59805 8.92357 0.458357 -3.08816 3.38604 6.63412 
213642 4.59805 8.92357 0.458357 -3.08816 3.38604 6.63412 
213642 4.59805 8.92357 0.458357 -3.08816 3.38604 6.63412 
213642 4.59805 8.92357 0.458357 -3.08816 3.38604 6.63412 
213642 4.59805 8.92357 0.458357 -3.08816 3.38604 6.63412 
212138 4.71359 8.94338 0.39545 -3.05868 3.38611 6.14854 
209341 4.52142 8.91413 0.418696 -3.00273 3.38632 6.69786 
209341 4.52142 8.91413 0.418696 -3.00273 3.38632 6.69786 
209341 4.52142 8.91413 0.418696 -3.00273 3.38632 6.69786 
209341 4.52142 8.91413 0.418696 -3.00273 3.38632 6.69786 
205688 4.60397 8.89558 0.468017 -3.1876 3.38666 7.14362 
205688 4.60397 8.89558 0.468017 -3.1876 3.38666 7.14362 
205688 4.60397 8.89558 0.468017 -3.1876 3.38666 7.14362 
205350 4.39025 8.85995 0.478695 -3.11011 3.3871 7.74505 
205350 4.39025 8.85995 0.478695 -3.11011 3.3871 7.74505 
203429 4.58353 8.88052 0.437481 -3.17791 3.38701 7.29286 
203429 4.58353 8.88052 0.437481 -3.17791 3.38701 7.29286 
203370 4.62914 8.84714 0.476878 -3.35519 3.3878 7.96599 
200872 4.39311 8.79653 0.521378 -3.35682 3.38824 8.93816 
195917 4.38891 8.75733 0.583427 -3.51784 3.38898 9.74448 
195917 4.38891 8.75733 0.583427 -3.51784 3.38898 9.74448 
195917 4.38891 8.75733 0.583427 -3.51784 3.38898 9.74448 
195917 4.38891 8.75733 0.583427 -3.51784 3.38898 9.74448 
195917 4.38891 8.75733 0.583427 -3.51784 3.38898 9.74448 
188809 3.96158 8.59226 0.702003 -3.76542 3.3913 12.8112 
188809 3.96158 8.59226 0.702003 -3.76542 3.3913 12.8112 
188809 3.96158 8.59226 0.702003 -3.76542 3.3913 12.8112 
175220 3.89364 8.43817 0.900828 -4.35685 3.39393 15.8715 
175220 3.89364 8.43817 0.900828 -4.35685 3.39393 15.8715 
175220 3.89364 8.43817 0.900828 -4.35685 3.39393 15.8715 
139339 3.09351 8.14563 1.16532 -4.82409 3.39776 21.455 
139339 3.09351 8.14563 1.16532 -4.82409 3.39776 21.455 
139339 3.09351 8.14563 1.16532 -4.82409 3.39776 21.455 
103145 2.73045 7.85739 1.53381 -5.71836 3.40232 27.2056 
103145 2.73045 7.85739 1.53381 -5.71836 3.40232 27.2056 
64446 2.07053 7.44885 1.86832 -6.70076 3.40886 34.8877 
64446 2.07053 7.44885 1.86832 -6.70076 3.40886 34.8877 
29162.2 0.972366 6.98594 2.33708 -7.60055 3.41528 43.7842 
29162.2 0.972366 6.98594 2.33708 -7.60055 3.41528 43.7842 
2546.02 -0.216077 6.15751 3.25817 -9.94593 3.42815 59.972 
2546.02 -0.216077 6.15751 3.25817 -9.94593 3.42815 59.972 
-7911.48 -2.36986 5.10378 4.17729 -12.1696 3.44382 79.9306 
-7911.48 -2.36986 5.10378 4.17729 -12.1696 3.44382 79.9306 
-8258.26 -2.56486 4.98585 4.40735 -12.5752 3.44533 82.4633 
-8722.72 -3.16411 4.61168 4.73256 -13.469 3.45154 89.5445 
-8722.72 -3.16411 4.61168 4.73256 -13.469 3.45154 89.5445 
-8722.72 -3.16411 4.61168 4.73256 -13.469 3.45154 89.5445 
-8722.72 -3.16411 4.61168 4.73256 -13.469 3.45154 89.5445 
-8722.72 -3.16411 4.61168 4.73256 -13.469 3.45154 89.5445 
-8722.72 -3.16411 4.61168 4.73256 -13.469 3.45154 89.5445 
-8722.72 -3.16411 4.61168 4.73256 -13.469 3.45154 89.5445 
-8722.72 -3.16411 4.61168 4.73256 -13.469 3.45154 89.5445 
-8722.72 -3.16411 4.61168 4.73256 -13.469 3.45154 89.5445 
-8722.72 -3.16411 4.61168 4.73256 -13.469 3.45154 89.5445 
-8722.72 -3.16411 4.61168 4.73256 -13.469 3.45154 89.5445 
-8722.72 -3.16411 4.61168 4.73256 -13.469 3.45154 89.5445 
-8722.72 -3.16411 4.61168 4.73256 -13.469 3.45154 89.5445 
-8722.72 -3.16411 4.61168 4.73256 -13.469 3.45154 89.5445 
-8722.72 -3.16411 4.61168 4.73256 -13.469 3.45154 89.5445 
-8722.72 -3.16411 4.61168 4.73256 -13.469 3.45154 89.5445 
-8722.72 -3.16411 4.61168 4.73256 -13.469 3.45154 89.5445 
-8722.72 -3.16411 4.61168 4.73256 -13.469 3.45154 89.5445 
-8722.72 -3.16411 4.61168 4.73256 -13.469 3.45154 89.5445 
-8722.72 -3.16411 4.61168 4.73256 -13.469 3.45154 89.5445 
-8722.72 -3.16411 4.61168 4.73256 -13.469 3.45154 89.5445 
-8722.72 -3.16411 4.61168 4.73256 -13.469 3.45154 89.5445 
-8722.72 -3.16411 4.61168 4.73256 -13.469 3.45154 89.5445 
-8722.72 -3.16411 4.61168 4.73256 -13.469 3.45154 89.5445 
-8722.72 -3.16411 4.61168 4.73256 -13.469 3.45154 89.5445 
-8722.86 -3.19041 4.6107 4.74472 -13.4765 3.45136 89.6031 
-8723.87 -3.25834 4.56333 4.79372 -13.6064 3.45211 90.5168 
-8723.87 -3.25834 4.56333 4.79372 -13.6064 3.45211 90.5168 
-8724.12 -3.19897 4.59949 4.75801 -13.5116 3.45158 89.8212 
-8724.12 -3.19897 4.59949 4.75801 -13.5116 3.45158 89.8212 
-8724.26 -3.2578 4.5679 4.78539 -13.5839 3.45204 90.4186 
-8724.47 -3.20136 4.59458 4.75528 -13.5164 3.45172 89.8924 
-8724.57 -3.21542 4.59275 4.76224 -13.5235 3.45166 89.9458 
-8724.57 -3.21542 4.59275 4.76224 -13.5235 3.45166 89.9458 
-8724.64 -3.24363 4.57438 4.78186 -13.5724 3.45195 90.3011 
-8724.69 -3.23927 4.57569 4.7803 -13.5715 3.45193 90.2755 
-8724.69 -3.23927 4.57569 4.7803 -13.5715 3.45193 90.2755 
-8724.72 -3.2197 4.58912 4.76661 -13.5353 3.45171 90.0157 
-8724.72 -3.2197 4.58912 4.76661 -13.5353 3.45171 90.0157 
-8724.74 -3.2386 4.57738 4.77584 -13.5619 3.45191 90.235 
-8724.75 -3.24214 4.5775 4.78024 -13.5663 3.45186 90.2465 
-8724.78 -3.22421 4.5867 4.76858 -13.5401 3.45176 90.0622 
-8724.78 -3.22421 4.5867 4.76858 -13.5401 3.45176 90.0622 
-8724.8 -3.23315 4.58013 4.77549 -13.5589 3.45186 90.189 
-8724.8 -3.23315 4.58013 4.77549 -13.5589 3.45186 90.189 
-8724.8 -3.22641 4.58523 4.77036 -13.5449 3.45177 90.0906 
-8724.8 -3.22641 4.58523 4.77036 -13.5449 3.45177 90.0906 
-8724.81 -3.23507 4.58095 4.77591 -13.5569 3.45182 90.1774 
-8724.81 -3.23507 4.58095 4.77591 -13.5569 3.45182 90.1774 
-8724.81 -3.22723 4.58455 4.77075 -13.5467 3.45178 90.1032 
-8724.81 -3.22817 4.58429 4.77115 -13.5468 3.45179 90.1089 
-8724.81 -3.22686 4.58426 4.77108 -13.5476 3.4518 90.1087 
-8724.81 -3.23131 4.58175 4.7738 -13.5543 3.45183 90.1578 
-8724.81 -3.23131 4.58175 4.7738 -13.5543 3.45183 90.1578 
-8724.82 -3.23129 4.58209 4.7729 -13.5523 3.45183 90.1496 
-8724.82 -3.23197 4.58222 4.77389 -13.5531 3.45181 90.1506 
-8724.82 -3.23197 4.58222 4.77389 -13.5531 3.45181 90.1506 
-8724.82 -3.23197 4.58222 4.77389 -13.5531 3.45181 90.1506 
-8724.82 -3.22878 4.58339 4.77205 -13.5497 3.45181 90.1258 
-8724.82 -3.22878 4.58339 4.77205 -13.5497 3.45181 90.1258 
-8724.82 -3.22878 4.58339 4.77205 -13.5497 3.45181 90.1258 
-8724.82 -3.22926 4.58336 4.77207 -13.5498 3.4518 90.1266 
-8724.82 -3.23064 4.58237 4.77315 -13.5524 3.45182 90.1458 
-8724.82 -3.23057 4.58256 4.77272 -13.5515 3.45182 90.1414 
-8724.82 -3.23057 4.58256 4.77272 -13.5515 3.45182 90.1414 
-8724.82 -3.23057 4.58256 4.77272 -13.5515 3.45182 90.1414 
-8724.82 -3.22971 4.58308 4.77243 -13.5505 3.45181 90.132 
-8724.82 -3.22956 4.58305 4.77244 -13.5506 3.45181 90.1326 
-8724.82 -3.22956 4.58305 4.77244 -13.5506 3.45181 90.1326 
-8724.82 -3.22956 4.58305 4.77244 -13.5506 3.45181 90.1326 
-8724.82 -3.23034 4.58264 4.77287 -13.5517 3.45181 90.1406 
-8724.82 -3.23044 4.58274 4.77288 -13.5514 3.45181 90.139 
-8724.82 -3.23024 4.58275 4.77264 -13.5511 3.45181 90.138 
-8724.82 -3.23024 4.58275 4.77264 -13.5511 3.45181 90.138 
-8724.82 -3.23024 4.58275 4.77264 -13.5511 3.45181 90.138 
-8724.82 -3.23024 4.58275 4.77264 -13.5511 3.45181 90.138 
-8724.82 -3.22988 4.58292 4.77258 -13.5509 3.45181 90.1352 
-8724.82 -3.22988 4.58292 4.77258 -13.5509 3.45181 90.1352 
-8724.82 -3.23018 4.58278 4.77275 -13.5513 3.45181 90.138 
-8724.82 -3.23021 4.58279 4.77272 -13.5512 3.45181 90.1377 
-8724.82 -3.23026 4.58279 4.77276 -13.5512 3.45181 90.1377 
-8724.82 -3.23003 4.58288 4.77261 -13.551 3.45181 90.1359 
-8724.82 -3.23007 4.58287 4.77263 -13.551 3.45181 90.1361 
-8724.82 -3.23007 4.58287 4.77263 -13.551 3.45181 90.1361 
-8724.82 -3.23007 4.58287 4.77263 -13.551 3.45181 90.1361 
-8724.82 -3.23014 4.58281 4.77271 -13.5512 3.45181 90.1373 
-8724.82 -3.23015 4.58282 4.7727 -13.5512 3.45181 90.1371 
-8724.82 -3.23016 4.58283 4.77271 -13.5512 3.45181 90.1371 
-8724.82 -3.23016 4.58283 4.77271 -13.5512 3.45181 90.1371 
-8724.82 -3.23016 4.58283 4.77271 -13.5512 3.45181 90.1371 
-8724.82 -3.23006 4.58285 4.77267 -13.5511 3.45181 90.1365 
-8724.82 -3.2301 4.58285 4.77267 -13.5511 3.45181 90.1365 
-8724.82 -3.2301 4.58285 4.77267 -13.5511 3.45181 90.1365 
-8724.82 -3.2301 4.58285 4.77267 -13.5511 3.45181 90.1365 
-8724.82 -3.23012 4.58283 4.77269 -13.5511 3.45181 90.1369 
-8724.82 -3.23012 4.58283 4.77269 -13.5511 3.45181 90.1369 
-8724.82 -3.23009 4.58285 4.77269 -13.5511 3.45181 90.1366 
-8724.82 -3.23009 4.58285 4.77269 -13.5511 3.45181 90.1366 
-8724.82 -3.23009 4.58285 4.77268 -13.5511 3.45181 90.1366 
-8724.82 -3.23011 4.58284 4.77269 -13.5511 3.45181 90.1368 
-8724.82 -3.23011 4.58284 4.77269 -13.5511 3.45181 90.1368 
-8724.82 -3.23011 4.58284 4.7727 -13.5512 3.45181 90.1368 
-8724.82 -3.23011 4.58284 4.77269 -13.5511 3.45181 90.1368 
-8724.82 -3.23011 4.58284 4.77269 -13.5511 3.45181 90.1368 
-8724.82 -3.23011 4.58284 4.77269 -13.5511 3.45181 90.1368 
-8724.82 -3.23011 4.58284 4.77269 -13.5511 3.45181 90.1368 
-8724.82 -3.23011 4.58284 4.77269 -13.5511 3.45181 90.1368 
-8724.82 -3.23011 4.58284 4.77269 -13.5511 3.45181 90.1368 
-8724.82 -3.23011 4.58284 4.77269 -13.5511 3.45181 90.1368 
-8724.82 -3.23011 4.58284 4.77269 -13.5511 3.45181 90.1368 
-8724.82 -3.2301 4.58284 4.77268 -13.5511 3.45181 90.1368 
-8724.82 -3.2301 4.58284 4.77268 -13.5511 3.45181 90.1367 
-8724.82 -3.2301 4.58284 4.77269 -13.5511 3.45181 90.1367 
-8724.82 -3.2301 4.58284 4.77269 -13.5511 3.45181 90.1367 
-8724.82 -3.2301 4.58284 4.77267 -13.5511 3.45181 90.1367 
-8724.82 -3.2301 4.58284 4.77267 -13.5511 3.45181 90.1367 
-8724.82 -3.2301 4.58284 4.77267 -13.5511 3.45181 90.1367 
-8724.82 -3.2301 4.58284 4.77267 -13.5511 3.45181 90.1367 
-8724.82 -3.2301 4.58284 4.77267 -13.5511 3.45181 90.1367 
-8724.82 -3.23009 4.58284 4.77266 -13.5511 3.45181 90.1367 
-8724.82 -3.23007 4.58284 4.77264 -13.5511 3.45181 90.1366 
-8724.82 -3.23007 4.58284 4.77264 -13.5511 3.45181 90.1366 
-8724.82 -3.23007 4.58284 4.77264 -13.5511 3.45181 90.1366 
-8724.82 -3.23007 4.58284 4.77264 -13.5511 3.45181 90.1366 
-8724.82 -3.23007 4.58284 4.77261 -13.551 3.45181 90.1366 
-8724.82 -3.23005 4.58284 4.77258 -13.551 3.45181 90.1365 
-8724.82 -3.23005 4.58284 4.77258 -13.551 3.45181 90.1365 
-8724.82 -3.23005 4.58284 4.77258 -13.551 3.45181 90.1365 
-8724.82 -3.23003 4.58284 4.77255 -13.551 3.45181 90.1364 
-8724.82 -3.23003 4.58284 4.77255 -13.551 3.45181 90.1364 
-8724.82 -3.23002 4.58283 4.77251 -13.5509 3.45181 90.1363 
-8724.82 -3.23002 4.58283 4.77251 -13.5509 3.45181 90.1363 
-8724.82 -3.22996 4.58284 4.77244 -13.5508 3.45181 90.1361 
-8724.82 -3.22996 4.58284 4.77244 -13.5508 3.45181 90.1361 
-8724.82 -3.22996 4.58284 4.77244 -13.5508 3.45181 90.1361 
-8724.82 -3.22994 4.58284 4.77238 -13.5508 3.45181 90.1359 
-8724.82 -3.22994 4.58284 4.77238 -13.5508 3.45181 90.1359 
-8724.82 -3.22994 4.58284 4.77238 -13.5508 3.45181 90.1359 
-8724.82 -3.22981 4.58283 4.77218 -13.5505 3.45182 90.1353 
-8724.82 -3.22981 4.58283 4.77218 -13.5505 3.45182 90.1353 
-8724.82 -3.22981 4.58283 4.77218 -13.5505 3.45182 90.1353 
-8724.82 -3.22981 4.58283 4.77218 -13.5505 3.45182 90.1353 
-8724.82 -3.2297 4.58284 4.77198 -13.5503 3.45182 90.1347 
-8724.82 -3.2297 4.58284 4.77198 -13.5503 3.45182 90.1347 
-8724.82 -3.22953 4.58284 4.77173 -13.55 3.45182 90.1339 
-8724.82 -3.22953 4.58284 4.77173 -13.55 3.45182 90.1339 
-8724.82 -3.22953 4.58284 4.77173 -13.55 3.45182 90.1339 
-8724.82 -3.2293 4.58284 4.77136 -13.5496 3.45182 90.1327 
-8724.82 -3.2293 4.58284 4.77136 -13.5496 3.45182 90.1327 
-8724.82 -3.22906 4.58283 4.77093 -13.5491 3.45183 90.1315 
-8724.82 -3.22906 4.58283 4.77093 -13.5491 3.45183 90.1315 
-8724.82 -3.22867 4.58283 4.7703 -13.5483 3.45183 90.1297 
-8724.82 -3.22867 4.58283 4.7703 -13.5483 3.45183 90.1297 
-8724.82 -3.22856 4.58284 4.77012 -13.5481 3.45184 90.129 
-8724.82 -3.22849 4.58283 4.77002 -13.548 3.45184 90.1288 
-8724.82 -3.22825 4.58283 4.76962 -13.5475 3.45184 90.1276 
-8724.82 -3.22825 4.58283 4.76962 -13.5475 3.45184 90.1276 
-8724.82 -3.22825 4.58283 4.76962 -13.5475 3.45184 90.1276 
-8724.82 -3.22825 4.58283 4.76962 -13.5475 3.45184 90.1276 
-8724.82 -3.22825 4.58283 4.76962 -13.5475 3.45184 90.1276 
-8724.82 -3.22825 4.58283 4.76962 -13.5475 3.45184 90.1276 
-8724.82 -3.22831 4.58284 4.76972 -13.5476 3.45184 90.1278 
-8724.82 -3.22831 4.58284 4.76972 -13.5476 3.45184 90.1278 
-8724.82 -3.22831 4.58284 4.76972 -13.5476 3.45184 90.1278 
-8724.82 -3.22827 4.58283 4.76965 -13.5475 3.45184 90.1277 
-8724.82 -3.22827 4.58283 4.76965 -13.5475 3.45184 90.1277 
-8724.82 -3.22827 4.58283 4.76965 -13.5475 3.45184 90.1277 
-8724.82 -3.22827 4.58283 4.76965 -13.5475 3.45184 90.1277 
-8724.82 -3.22827 4.58283 4.76965 -13.5475 3.45184 90.1277 
-8724.82 -3.22827 4.58283 4.76965 -13.5475 3.45184 90.1277 
-8724.82 -3.22827 4.58283 4.76965 -13.5475 3.45184 90.1277 
-8724.82 -3.22824 4.58283 4.7696 -13.5475 3.45184 90.1275 
-8724.82 -3.22824 4.58283 4.7696 -13.5475 3.45184 90.1275 
-8724.82 -3.22824 4.58283 4.7696 -13.5475 3.45184 90.1275 
-8724.82 -3.22825 4.58283 4.76964 -13.5475 3.45184 90.1276 
-8724.82 -3.22825 4.58283 4.76964 -13.5475 3.45184 90.1276 
-8724.82 -3.22825 4.58283 4.76964 -13.5475 3.45184 90.1276 
-8724.82 -3.22823 4.58283 4.7696 -13.5475 3.45184 90.1275 
-8724.82 -3.22823 4.58283 4.7696 -13.5475 3.45184 90.1275 
-8724.82 -3.22823 4.58283 4.7696 -13.5475 3.45184 90.1275 
-8724.82 -3.22823 4.58283 4.7696 -13.5475 3.45184 90.1275 
-8724.82 -3.22824 4.58284 4.76961 -13.5475 3.45184 90.1275 
-8724.82 -3.22824 4.58284 4.76961 -13.5475 3.45184 90.1275 
-8724.82 -3.22823 4.58284 4.76961 -13.5475 3.45184 90.1275 
-8724.82 -3.22823 4.58284 4.76961 -13.5475 3.45184 90.1275 
-8724.82 -3.22823 4.58284 4.76961 -13.5475 3.45184 90.1275 
-8724.82 -3.22823 4.58284 4.76961 -13.5475 3.45184 90.1275 
-8724.82 -3.22823 4.58284 4.76961 -13.5475 3.45184 90.1274 
-8724.82 -3.22823 4.58284 4.7696 -13.5475 3.45184 90.1274 
-8724.82 -3.22823 4.58284 4.7696 -13.5475 3.45184 90.1274 
-8724.82 -3.22823 4.58284 4.7696 -13.5475 3.45184 90.1274 
-8724.82 -3.22823 4.58284 4.7696 -13.5475 3.45184 90.1274 
-8724.82 -3.22822 4.58284 4.7696 -13.5475 3.45184 90.1274 
-8724.82 -3.22822 4.58284 4.7696 -13.5475 3.45184 90.1274 
-8724.82 -3.22822 4.58284 4.7696 -13.5475 3.45184 90.1274 
-8724.82 -3.22822 4.58284 4.7696 -13.5475 3.45184 90.1274 
-8724.82 -3.22822 4.58284 4.7696 -13.5475 3.45184 90.1274 
-8724.82 -3.22822 4.58284 4.7696 -13.5475 3.45184 90.1274 
-8724.82 -3.22822 4.58284 4.7696 -13.5475 3.45184 90.1274 
-8724.82 -3.22822 4.58284 4.7696 -13.5475 3.45184 90.1274 
-8724.82 -3.22822 4.58284 4.7696 -13.5475 3.45184 90.1274 
-8724.82 -3.22822 4.58284 4.7696 -13.5475 3.45184 90.1274 
-8724.82 -3.22821 4.58284 4.7696 -13.5475 3.45184 90.1274 
-8724.82 -3.22821 4.58284 4.7696 -13.5475 3.45184 90.1274 
-8724.82 -3.22821 4.58284 4.7696 -13.5475 3.45184 90.1274 
-8724.82 -3.22821 4.58284 4.7696 -13.5475 3.45184 90.1274 
-8724.82 -3.22821 4.58284 4.7696 -13.5475 3.45184 90.1274 
-8724.82 -3.22821 4.58284 4.7696 -13.5475 3.45184 90.1274 
-8724.82 -3.22821 4.58284 4.7696 -13.5475 3.45184 90.1274 
-8724.82 -3.22821 4.58284 4.7696 -13.5475 3.45184 90.1274 
-8724.82 -3.22821 4.58284 4.76959 -13.5475 3.45184 90.1274 
-8724.82 -3.22821 4.58284 4.76959 -13.5475 3.45184 90.1274 
-8724.82 -3.22821 4.58284 4.76959 -13.5475 3.45184 90.1274 
-8724.82 -3.22821 4.58284 4.76959 -13.5475 3.45184 90.1274 
-8724.82 -3.22821 4.58284 4.76959 -13.5475 3.45184 90.1274 
-8724.82 -3.22821 4.58284 4.76959 -13.5475 3.45184 90.1274 
-8724.82 -3.22821 4.58284 4.76959 -13.5475 3.45184 90.1274 
-8724.82 -3.22821 4.58284 4.76959 -13.5475 3.45184 90.1274 
-8724.82 -3.22821 4.58284 4.76959 -13.5475 3.45184 90.1274 
-8724.82 -3.22821 4.58284 4.76959 -13.5475 3.45184 90.1274 
-8724.82 -3.22821 4.58284 4.76959 -13.5475 3.45184 90.1274 
-8724.82 -3.22821 4.58284 4.76959 -13.5475 3.45184 90.1274 
-8724.82 -3.2282 4.58284 4.76959 -13.5475 3.45184 90.1274 
-8724.82 -3.2282 4.58284 4.76959 -13.5475 3.45184 90.1274 
-8724.82 -3.2282 4.58284 4.76959 -13.5475 3.45184 90.1274 
-8724.82 -3.2282 4.58284 4.76959 -13.5475 3.45184 90.1274 
-8724.82 -3.2282 4.58284 4.76959 -13.5475 3.45184 90.1274 
-8724.82 -3.2282 4.58284 4.76959 -13.5475 3.45184 90.1274 
-8724.82 -3.2282 4.58284 4.76959 -13.5475 3.45184 90.1274 
