6.32555e+08 8.00631 7.01552 -1.04613 -1.23233 3.37419 0.331885 
383340 8.39998 7.00644 -0.929824 -2.11951 3.36784 0.294218 
383340 8.39998 7.00644 -0.929824 -2.11951 3.36784 0.294218 
383340 8.39998 7.00644 -0.929824 -2.11951 3.36784 0.294218 
47659.9 8.41193 7.00183 -1.77446 -1.69715 3.35862 0.0610386 
47659.9 8.41193 7.00183 -1.77446 -1.69715 3.35862 0.0610386 
29325 8.55027 6.99837 -2.00901 -2.73863 3.37091 0.829388 
29325 8.55027 6.99837 -2.00901 -2.73863 3.37091 0.829388 
29325 8.55027 6.99837 -2.00901 -2.73863 3.37091 0.829388 
29325 8.55027 6.99837 -2.00901 -2.73863 3.37091 0.829388 
29325 8.55027 6.99837 -2.00901 -2.73863 3.37091 0.829388 
29325 8.55027 6.99837 -2.00901 -2.73863 3.37091 0.829388 
29325 8.55027 6.99837 -2.00901 -2.73863 3.37091 0.829388 
29325 8.55027 6.99837 -2.00901 -2.73863 3.37091 0.829388 
29325 8.55027 6.99837 -2.00901 -2.73863 3.37091 0.829388 
29325 8.55027 6.99837 -2.00901 -2.73863 3.37091 0.829388 
29325 8.55027 6.99837 -2.00901 -2.73863 3.37091 0.829388 
27750 8.8262 6.97734 -1.76082 -3.59459 3.37216 1.15351 
27750 8.8262 6.97734 -1.76082 -3.59459 3.37216 1.15351 
14908.4 8.36737 6.98065 -1.72414 -1.90367 3.38548 0.612519 
14908.4 8.36737 6.98065 -1.72414 -1.90367 3.38548 0.612519 
14908.4 8.36737 6.98065 -1.72414 -1.90367 3.38548 0.612519 
14908.4 8.36737 6.98065 -1.72414 -1.90367 3.38548 0.612519 
14908.4 8.36737 6.98065 -1.72414 -1.90367 3.38548 0.612519 
14908.4 8.36737 6.98065 -1.72414 -1.90367 3.38548 0.612519 
10634.1 8.12293 6.97545 -1.11765 -2.71005 3.38305 0.804551 
10634.1 8.12293 6.97545 -1.11765 -2.71005 3.38305 0.804551 
10634.1 8.12293 6.97545 -1.11765 -2.71005 3.38305 0.804551 
10634.1 8.12293 6.97545 -1.11765 -2.71005 3.38305 0.804551 
10634.1 8.12293 6.97545 -1.11765 -2.71005 3.38305 0.804551 
10634.1 8.12293 6.97545 -1.11765 -2.71005 3.38305 0.804551 
10634.1 8.12293 6.97545 -1.11765 -2.71005 3.38305 0.804551 
9924.12 8.55576 6.96145 -1.28725 -2.29278 3.38776 0.746098 
9924.12 8.55576 6.96145 -1.28725 -2.29278 3.38776 0.746098 
9924.12 8.55576 6.96145 -1.28725 -2.29278 3.38776 0.746098 
9924.12 8.55576 6.96145 -1.28725 -2.29278 3.38776 0.746098 
9924.12 8.55576 6.96145 -1.28725 -2.29278 3.38776 0.746098 
9924.12 8.55576 6.96145 -1.28725 -2.29278 3.38776 0.746098 
8635.13 8.33842 6.97135 -1.25621 -2.21694 3.38676 0.652349 
8635.13 8.33842 6.97135 -1.25621 -2.21694 3.38676 0.652349 
8334.15 8.31195 6.97284 -1.26971 -2.20752 3.3849 0.659307 
8334.15 8.31195 6.97284 -1.26971 -2.20752 3.3849 0.659307 
8334.15 8.31195 6.97284 -1.26971 -2.20752 3.3849 0.659307 
8334.15 8.31195 6.97284 -1.26971 -2.20752 3.3849 0.659307 
8334.15 8.31195 6.97284 -1.26971 -2.20752 3.3849 0.659307 
8334.15 8.31195 6.97284 -1.26971 -2.20752 3.3849 0.659307 
8334.15 8.31195 6.97284 -1.26971 -2.20752 3.3849 0.659307 
8128.14 8.31575 6.96994 -1.25602 -2.21988 3.38578 0.665382 
8128.14 8.31575 6.96994 -1.25602 -2.21988 3.38578 0.665382 
8128.14 8.31575 6.96994 -1.25602 -2.21988 3.38578 0.665382 
8098.29 8.34336 6.97127 -1.28863 -2.31033 3.38594 0.725412 
8056.6 8.32719 6.96986 -1.26311 -2.28375 3.38648 0.7381 
8048.95 8.3812 6.96886 -1.27287 -2.30342 3.38627 0.727304 
8001.81 8.32286 6.97153 -1.26813 -2.25843 3.38539 0.693445 
8001.81 8.32286 6.97153 -1.26813 -2.25843 3.38539 0.693445 
7943.8 8.37782 6.96885 -1.30352 -2.18498 3.38631 0.698212 
7943.8 8.37782 6.96885 -1.30352 -2.18498 3.38631 0.698212 
7943.8 8.37782 6.96885 -1.30352 -2.18498 3.38631 0.698212 
7943.8 8.37782 6.96885 -1.30352 -2.18498 3.38631 0.698212 
7943.8 8.37782 6.96885 -1.30352 -2.18498 3.38631 0.698212 
7934.31 8.339 6.97027 -1.2783 -2.28325 3.38565 0.7207 
7886.81 8.39254 6.96762 -1.31967 -2.22044 3.38641 0.716204 
7886.81 8.39254 6.96762 -1.31967 -2.22044 3.38641 0.716204 
7835.85 8.34973 6.96869 -1.30006 -2.1717 3.38602 0.691881 
7835.85 8.34973 6.96869 -1.30006 -2.1717 3.38602 0.691881 
7815.88 8.39705 6.96762 -1.3557 -2.15647 3.3865 0.736927 
7815.88 8.39705 6.96762 -1.3557 -2.15647 3.3865 0.736927 
7795.77 8.38659 6.9684 -1.32981 -2.20284 3.38558 0.70716 
7667.56 8.41936 6.96537 -1.39503 -2.03971 3.38676 0.698082 
7651.26 8.32567 6.96956 -1.34996 -2.07498 3.38543 0.698013 
7651.26 8.32567 6.96956 -1.34996 -2.07498 3.38543 0.698013 
7437.73 8.47376 6.96288 -1.4669 -1.90732 3.38681 0.712771 
7437.73 8.47376 6.96288 -1.4669 -1.90732 3.38681 0.712771 
7386.63 8.42243 6.96532 -1.43195 -1.92446 3.38583 0.667718 
7386.63 8.42243 6.96532 -1.43195 -1.92446 3.38583 0.667718 
7354.34 8.42055 6.96591 -1.45895 -1.86361 3.38568 0.688834 
7105.23 8.46645 6.96113 -1.59385 -1.66957 3.38636 0.727031 
7105.23 8.46645 6.96113 -1.59385 -1.66957 3.38636 0.727031 
7105.23 8.46645 6.96113 -1.59385 -1.66957 3.38636 0.727031 
7105.23 8.46645 6.96113 -1.59385 -1.66957 3.38636 0.727031 
7082.47 8.49434 6.96097 -1.59207 -1.64968 3.38571 0.692228 
7016.11 8.54071 6.95771 -1.70538 -1.41891 3.38666 0.717018 
7016.11 8.54071 6.95771 -1.70538 -1.41891 3.38666 0.717018 
7016.11 8.54071 6.95771 -1.70538 -1.41891 3.38666 0.717018 
7016.11 8.54071 6.95771 -1.70538 -1.41891 3.38666 0.717018 
6982.31 8.5464 6.95704 -1.69977 -1.44765 3.38674 0.705826 
6982.31 8.5464 6.95704 -1.69977 -1.44765 3.38674 0.705826 
6982.31 8.5464 6.95704 -1.69977 -1.44765 3.38674 0.705826 
6968.91 8.55464 6.95777 -1.68744 -1.45882 3.38647 0.69334 
6958.48 8.51482 6.95966 -1.6321 -1.57347 3.38613 0.698492 
6958.48 8.51482 6.95966 -1.6321 -1.57347 3.38613 0.698492 
6958.05 8.51933 6.95962 -1.62003 -1.61365 3.38622 0.686257 
6950.93 8.53137 6.95866 -1.66658 -1.52381 3.38642 0.706946 
6938.06 8.57528 6.95665 -1.69824 -1.4856 3.38664 0.707568 
6938.06 8.57528 6.95665 -1.69824 -1.4856 3.38664 0.707568 
6934.41 8.54499 6.95825 -1.66966 -1.50506 3.38642 0.696628 
6934.41 8.54499 6.95825 -1.66966 -1.50506 3.38642 0.696628 
6934.41 8.54499 6.95825 -1.66966 -1.50506 3.38642 0.696628 
6934.41 8.54499 6.95825 -1.66966 -1.50506 3.38642 0.696628 
6927.62 8.546 6.95829 -1.66683 -1.53075 3.38627 0.698159 
6879.79 8.60944 6.95592 -1.70496 -1.47554 3.3865 0.690521 
6879.79 8.60944 6.95592 -1.70496 -1.47554 3.3865 0.690521 
6879.79 8.60944 6.95592 -1.70496 -1.47554 3.3865 0.690521 
6879.79 8.60944 6.95592 -1.70496 -1.47554 3.3865 0.690521 
6879.79 8.60944 6.95592 -1.70496 -1.47554 3.3865 0.690521 
6879.79 8.60944 6.95592 -1.70496 -1.47554 3.3865 0.690521 
6879.79 8.60944 6.95592 -1.70496 -1.47554 3.3865 0.690521 
6879.79 8.60944 6.95592 -1.70496 -1.47554 3.3865 0.690521 
6879.79 8.60944 6.95592 -1.70496 -1.47554 3.3865 0.690521 
6879.79 8.60944 6.95592 -1.70496 -1.47554 3.3865 0.690521 
6859.98 8.66845 6.95384 -1.7495 -1.42778 3.38663 0.688573 
6803.92 8.70423 6.95302 -1.72676 -1.4905 3.38653 0.663562 
6803.92 8.70423 6.95302 -1.72676 -1.4905 3.38653 0.663562 
6803.92 8.70423 6.95302 -1.72676 -1.4905 3.38653 0.663562 
6803.92 8.70423 6.95302 -1.72676 -1.4905 3.38653 0.663562 
6803.92 8.70423 6.95302 -1.72676 -1.4905 3.38653 0.663562 
6792.03 8.89217 6.94601 -1.86082 -1.32015 3.38699 0.649549 
6707.6 8.85276 6.94756 -1.85058 -1.3339 3.38662 0.665683 
6707.6 8.85276 6.94756 -1.85058 -1.3339 3.38662 0.665683 
6670.71 8.91118 6.94675 -1.82536 -1.39115 3.38643 0.615169 
6601.27 8.96096 6.9447 -1.83469 -1.43813 3.38649 0.604308 
6488.91 9.22399 6.93567 -1.98538 -1.27508 3.38686 0.581792 
6488.91 9.22399 6.93567 -1.98538 -1.27508 3.38686 0.581792 
6419.05 9.22515 6.93684 -1.94793 -1.35919 3.38604 0.554515 
6295.36 9.44583 6.93011 -2.04801 -1.30706 3.38612 0.508994 
6295.36 9.44583 6.93011 -2.04801 -1.30706 3.38612 0.508994 
6239.36 9.59716 6.92415 -2.12546 -1.24828 3.38646 0.494013 
6181.22 9.75946 6.91934 -2.21305 -1.13802 3.3864 0.468109 
6181.22 9.75946 6.91934 -2.21305 -1.13802 3.3864 0.468109 
6181.22 9.75946 6.91934 -2.21305 -1.13802 3.3864 0.468109 
6181.22 9.75946 6.91934 -2.21305 -1.13802 3.3864 0.468109 
6181.22 9.75946 6.91934 -2.21305 -1.13802 3.3864 0.468109 
6181.22 9.75946 6.91934 -2.21305 -1.13802 3.3864 0.468109 
6181.22 9.75946 6.91934 -2.21305 -1.13802 3.3864 0.468109 
6181.22 9.75946 6.91934 -2.21305 -1.13802 3.3864 0.468109 
6181.22 9.75946 6.91934 -2.21305 -1.13802 3.3864 0.468109 
6181.22 9.75946 6.91934 -2.21305 -1.13802 3.3864 0.468109 
6181.22 9.75946 6.91934 -2.21305 -1.13802 3.3864 0.468109 
6181.22 9.75946 6.91934 -2.21305 -1.13802 3.3864 0.468109 
6168.72 9.70623 6.92134 -2.21217 -1.11808 3.38617 0.487466 
6168.72 9.70623 6.92134 -2.21217 -1.11808 3.38617 0.487466 
6168.72 9.70623 6.92134 -2.21217 -1.11808 3.38617 0.487466 
6157.66 9.6007 6.92434 -2.18315 -1.08848 3.38629 0.516872 
6157.66 9.6007 6.92434 -2.18315 -1.08848 3.38629 0.516872 
6157.66 9.6007 6.92434 -2.18315 -1.08848 3.38629 0.516872 
6157.66 9.6007 6.92434 -2.18315 -1.08848 3.38629 0.516872 
6157.66 9.6007 6.92434 -2.18315 -1.08848 3.38629 0.516872 
6154.9 9.6997 6.9215 -2.20169 -1.12695 3.38619 0.482929 
6153.96 9.6719 6.92215 -2.20873 -1.08264 3.38632 0.497246 
6153.96 9.6719 6.92215 -2.20873 -1.08264 3.38632 0.497246 
6152.09 9.63346 6.92336 -2.1817 -1.12806 3.38628 0.501334 
6152.09 9.63346 6.92336 -2.1817 -1.12806 3.38628 0.501334 
6152.09 9.63346 6.92336 -2.1817 -1.12806 3.38628 0.501334 
6149.68 9.63521 6.9233 -2.19121 -1.09992 3.38628 0.506066 
6149.45 9.65162 6.92262 -2.1948 -1.10332 3.38635 0.500994 
6149.36 9.67741 6.92206 -2.19912 -1.11597 3.38625 0.491634 
6149.36 9.67741 6.92206 -2.19912 -1.11597 3.38625 0.491634 
6149.36 9.67741 6.92206 -2.19912 -1.11597 3.38625 0.491634 
6148.97 9.64848 6.92283 -2.18665 -1.12706 3.38629 0.499635 
6148.97 9.64848 6.92283 -2.18665 -1.12706 3.38629 0.499635 
6147.84 9.66092 6.92245 -2.19542 -1.105 3.3863 0.497921 
6147.84 9.66092 6.92245 -2.19542 -1.105 3.3863 0.497921 
6147.64 9.64505 6.92298 -2.19088 -1.10836 3.38629 0.501869 
6147.64 9.64505 6.92298 -2.19088 -1.10836 3.38629 0.501869 
6147.64 9.64505 6.92298 -2.19088 -1.10836 3.38629 0.501869 
6147.64 9.64505 6.92298 -2.19088 -1.10836 3.38629 0.501869 
6147.31 9.65019 6.92279 -2.18868 -1.12018 3.38629 0.499237 
6147.31 9.65019 6.92279 -2.18868 -1.12018 3.38629 0.499237 
6146.86 9.66084 6.92244 -2.19951 -1.10021 3.38629 0.49996 
6146.86 9.66084 6.92244 -2.19951 -1.10021 3.38629 0.49996 
6146.86 9.66084 6.92244 -2.19951 -1.10021 3.38629 0.49996 
6146.86 9.66084 6.92244 -2.19951 -1.10021 3.38629 0.49996 
6146.7 9.65932 6.92254 -2.19748 -1.10268 3.38627 0.500944 
6146.07 9.68177 6.9217 -2.20371 -1.10408 3.38632 0.495555 
6146.07 9.68177 6.9217 -2.20371 -1.10408 3.38632 0.495555 
6145.06 9.65624 6.92254 -2.19874 -1.09962 3.38628 0.503727 
6145.06 9.65624 6.92254 -2.19874 -1.09962 3.38628 0.503727 
6145.06 9.65624 6.92254 -2.19874 -1.09962 3.38628 0.503727 
6145.06 9.65624 6.92254 -2.19874 -1.09962 3.38628 0.503727 
6143.38 9.66236 6.92231 -2.19461 -1.11023 3.3863 0.501171 
6143.38 9.66236 6.92231 -2.19461 -1.11023 3.3863 0.501171 
6142.14 9.67608 6.92186 -2.19997 -1.11081 3.38629 0.498222 
6142.14 9.67608 6.92186 -2.19997 -1.11081 3.38629 0.498222 
6138.85 9.66731 6.92204 -2.20166 -1.09599 3.38629 0.505257 
6138.85 9.66731 6.92204 -2.20166 -1.09599 3.38629 0.505257 
6138.85 9.66731 6.92204 -2.20166 -1.09599 3.38629 0.505257 
6136.18 9.66284 6.92226 -2.19438 -1.11172 3.38622 0.507728 
6135.99 9.69188 6.92122 -2.20392 -1.10877 3.38629 0.499938 
6131.55 9.69176 6.9211 -2.20657 -1.10569 3.38625 0.5055 
6125.73 9.67218 6.92162 -2.19915 -1.10197 3.38626 0.515037 
6125.73 9.67218 6.92162 -2.19915 -1.10197 3.38626 0.515037 
6125.73 9.67218 6.92162 -2.19915 -1.10197 3.38626 0.515037 
6117.87 9.71024 6.92033 -2.20525 -1.11878 3.38615 0.514991 
6117.87 9.71024 6.92033 -2.20525 -1.11878 3.38615 0.514991 
6112.03 9.69695 6.92042 -2.21166 -1.09126 3.38609 0.53514 
6112.03 9.69695 6.92042 -2.21166 -1.09126 3.38609 0.53514 
6098.97 9.73022 6.91906 -2.21099 -1.1077 3.3861 0.535008 
6091.13 9.73065 6.91877 -2.21099 -1.11298 3.38606 0.547134 
6091.13 9.73065 6.91877 -2.21099 -1.11298 3.38606 0.547134 
6091.13 9.73065 6.91877 -2.21099 -1.11298 3.38606 0.547134 
6091.13 9.73065 6.91877 -2.21099 -1.11298 3.38606 0.547134 
6091.13 9.73065 6.91877 -2.21099 -1.11298 3.38606 0.547134 
6091.13 9.73065 6.91877 -2.21099 -1.11298 3.38606 0.547134 
6086.23 9.79784 6.91594 -2.2337 -1.09952 3.38609 0.551183 
6067.25 9.75708 6.91675 -2.21257 -1.11006 3.386 0.582688 
6067.25 9.75708 6.91675 -2.21257 -1.11006 3.386 0.582688 
6067.25 9.75708 6.91675 -2.21257 -1.11006 3.386 0.582688 
6067.25 9.75708 6.91675 -2.21257 -1.11006 3.386 0.582688 
6067.25 9.75708 6.91675 -2.21257 -1.11006 3.386 0.582688 
6065.62 9.84087 6.91325 -2.23271 -1.11824 3.38605 0.584261 
6036.73 9.78313 6.91481 -2.19766 -1.15714 3.38596 0.611265 
6036.73 9.78313 6.91481 -2.19766 -1.15714 3.38596 0.611265 
6036.73 9.78313 6.91481 -2.19766 -1.15714 3.38596 0.611265 
6036.73 9.78313 6.91481 -2.19766 -1.15714 3.38596 0.611265 
6036.73 9.78313 6.91481 -2.19766 -1.15714 3.38596 0.611265 
6033.3 9.84524 6.91145 -2.21521 -1.14786 3.38598 0.639319 
6027.98 9.76291 6.91435 -2.18922 -1.14954 3.3859 0.656098 
6023.27 9.77895 6.91495 -2.20843 -1.13287 3.38611 0.601506 
6023.27 9.77895 6.91495 -2.20843 -1.13287 3.38611 0.601506 
6018.65 9.78676 6.91316 -2.1767 -1.2021 3.38585 0.660799 
6018.16 9.79352 6.91223 -2.16371 -1.22556 3.38595 0.6763 
5986.4 9.8231 6.90995 -2.18522 -1.19085 3.38589 0.716664 
5986.4 9.8231 6.90995 -2.18522 -1.19085 3.38589 0.716664 
5986.4 9.8231 6.90995 -2.18522 -1.19085 3.38589 0.716664 
5986.4 9.8231 6.90995 -2.18522 -1.19085 3.38589 0.716664 
5986.4 9.8231 6.90995 -2.18522 -1.19085 3.38589 0.716664 
5986.4 9.8231 6.90995 -2.18522 -1.19085 3.38589 0.716664 
5947.47 9.76985 6.91195 -2.18331 -1.16425 3.38615 0.698235 
5947.47 9.76985 6.91195 -2.18331 -1.16425 3.38615 0.698235 
5947.47 9.76985 6.91195 -2.18331 -1.16425 3.38615 0.698235 
5947.47 9.76985 6.91195 -2.18331 -1.16425 3.38615 0.698235 
5919.25 9.78907 6.90883 -2.19744 -1.12274 3.38608 0.784681 
5885.69 9.82391 6.90735 -2.21201 -1.13166 3.38588 0.79522 
5842.3 9.75163 6.90894 -2.18247 -1.14538 3.38634 0.798955 
5842.3 9.75163 6.90894 -2.18247 -1.14538 3.38634 0.798955 
5842.3 9.75163 6.90894 -2.18247 -1.14538 3.38634 0.798955 
5842.3 9.75163 6.90894 -2.18247 -1.14538 3.38634 0.798955 
5769.24 9.79605 6.90091 -2.23959 -1.00973 3.38612 1.02008 
5692.81 9.7611 6.90317 -2.23241 -1.03624 3.38629 0.964886 
5692.81 9.7611 6.90317 -2.23241 -1.03624 3.38629 0.964886 
5692.81 9.7611 6.90317 -2.23241 -1.03624 3.38629 0.964886 
5692.81 9.7611 6.90317 -2.23241 -1.03624 3.38629 0.964886 
5655.1 9.77951 6.89293 -2.25977 -0.950946 3.38677 1.2268 
5655.1 9.77951 6.89293 -2.25977 -0.950946 3.38677 1.2268 
5533.58 9.82799 6.88922 -2.26864 -0.973761 3.38604 1.33114 
5533.58 9.82799 6.88922 -2.26864 -0.973761 3.38604 1.33114 
5533.58 9.82799 6.88922 -2.26864 -0.973761 3.38604 1.33114 
5460.87 9.91983 6.88462 -2.26271 -1.06017 3.38645 1.31507 
5460.87 9.91983 6.88462 -2.26271 -1.06017 3.38645 1.31507 
5363.34 9.90592 6.86788 -2.29861 -0.940804 3.3868 1.81813 
5363.34 9.90592 6.86788 -2.29861 -0.940804 3.3868 1.81813 
5363.34 9.90592 6.86788 -2.29861 -0.940804 3.3868 1.81813 
5363.34 9.90592 6.86788 -2.29861 -0.940804 3.3868 1.81813 
5363.34 9.90592 6.86788 -2.29861 -0.940804 3.3868 1.81813 
5197.8 10.1665 6.84156 -2.31848 -1.05653 3.38644 2.31106 
4961.99 10.1414 6.82116 -2.42832 -0.78515 3.38661 2.94953 
4961.99 10.1414 6.82116 -2.42832 -0.78515 3.38661 2.94953 
4961.99 10.1414 6.82116 -2.42832 -0.78515 3.38661 2.94953 
4961.99 10.1414 6.82116 -2.42832 -0.78515 3.38661 2.94953 
4551.46 10.2096 6.78891 -2.39243 -0.832221 3.38707 3.80976 
4551.46 10.2096 6.78891 -2.39243 -0.832221 3.38707 3.80976 
4551.46 10.2096 6.78891 -2.39243 -0.832221 3.38707 3.80976 
4551.46 10.2096 6.78891 -2.39243 -0.832221 3.38707 3.80976 
4041.89 10.5099 6.73074 -2.47149 -0.856543 3.38681 5.19465 
4041.89 10.5099 6.73074 -2.47149 -0.856543 3.38681 5.19465 
4041.89 10.5099 6.73074 -2.47149 -0.856543 3.38681 5.19465 
3671.65 10.4402 6.701 -2.52209 -0.612715 3.38655 6.21817 
3671.65 10.4402 6.701 -2.52209 -0.612715 3.38655 6.21817 
3671.65 10.4402 6.701 -2.52209 -0.612715 3.38655 6.21817 
2893.06 10.3075 6.70785 -2.38475 -0.885701 3.38674 6.11843 
2893.06 10.3075 6.70785 -2.38475 -0.885701 3.38674 6.11843 
2893.06 10.3075 6.70785 -2.38475 -0.885701 3.38674 6.11843 
1806.47 10.454 6.61981 -2.41786 -0.842003 3.3863 8.61744 
1806.47 10.454 6.61981 -2.41786 -0.842003 3.3863 8.61744 
1806.47 10.454 6.61981 -2.41786 -0.842003 3.3863 8.61744 
1806.47 10.454 6.61981 -2.41786 -0.842003 3.3863 8.61744 
9.20984 10.3821 6.54491 -2.33922 -0.983176 3.38605 10.9144 
9.20984 10.3821 6.54491 -2.33922 -0.983176 3.38605 10.9144 
9.20984 10.3821 6.54491 -2.33922 -0.983176 3.38605 10.9144 
9.20984 10.3821 6.54491 -2.33922 -0.983176 3.38605 10.9144 
9.20984 10.3821 6.54491 -2.33922 -0.983176 3.38605 10.9144 
-1652.84 10.07 6.44342 -2.0769 -1.3294 3.38524 14.3514 
-1652.84 10.07 6.44342 -2.0769 -1.3294 3.38524 14.3514 
-1652.84 10.07 6.44342 -2.0769 -1.3294 3.38524 14.3514 
-2548.39 10.4773 6.28643 -2.05272 -1.68421 3.38451 18.5335 
-2548.39 10.4773 6.28643 -2.05272 -1.68421 3.38451 18.5335 
-4277.44 9.88817 6.20121 -1.79977 -1.83559 3.38529 21.6805 
-4277.44 9.88817 6.20121 -1.79977 -1.83559 3.38529 21.6805 
-4277.44 9.88817 6.20121 -1.79977 -1.83559 3.38529 21.6805 
-5674.17 9.52917 6.07492 -1.43614 -2.56174 3.38377 25.8855 
-5674.17 9.52917 6.07492 -1.43614 -2.56174 3.38377 25.8855 
-5674.17 9.52917 6.07492 -1.43614 -2.56174 3.38377 25.8855 
-7769.51 8.59876 5.71547 -0.807218 -3.2645 3.38309 37.6502 
-7769.51 8.59876 5.71547 -0.807218 -3.2645 3.38309 37.6502 
-7769.51 8.59876 5.71547 -0.807218 -3.2645 3.38309 37.6502 
-9061.01 8.37256 5.20704 -0.123399 -4.84562 3.38027 53.034 
-9061.01 8.37256 5.20704 -0.123399 -4.84562 3.38027 53.034 
-10407.8 6.90381 5.02575 0.526419 -5.3697 3.38166 59.9851 
-10407.8 6.90381 5.02575 0.526419 -5.3697 3.38166 59.9851 
-10407.8 6.90381 5.02575 0.526419 -5.3697 3.38166 59.9851 
-10407.8 6.90381 5.02575 0.526419 -5.3697 3.38166 59.9851 
-10407.8 6.90381 5.02575 0.526419 -5.3697 3.38166 59.9851 
-10407.8 6.90381 5.02575 0.526419 -5.3697 3.38166 59.9851 
-10407.8 6.90381 5.02575 0.526419 -5.3697 3.38166 59.9851 
-10407.8 6.90381 5.02575 0.526419 -5.3697 3.38166 59.9851 
-10407.8 6.90381 5.02575 0.526419 -5.3697 3.38166 59.9851 
-10477.1 7.05784 5.16746 0.367108 -5.03517 3.38458 55.4036 
-10477.1 7.05784 5.16746 0.367108 -5.03517 3.38458 55.4036 
-10477.1 7.05784 5.16746 0.367108 -5.03517 3.38458 55.4036 
-10625.7 5.97731 5.04531 0.626029 -4.87751 3.38524 60.2703 
-10625.7 5.97731 5.04531 0.626029 -4.87751 3.38524 60.2703 
-10625.7 5.97731 5.04531 0.626029 -4.87751 3.38524 60.2703 
-10625.7 5.97731 5.04531 0.626029 -4.87751 3.38524 60.2703 
-10625.7 5.97731 5.04531 0.626029 -4.87751 3.38524 60.2703 
-10625.7 5.97731 5.04531 0.626029 -4.87751 3.38524 60.2703 
-10625.7 5.97731 5.04531 0.626029 -4.87751 3.38524 60.2703 
-10625.7 5.97731 5.04531 0.626029 -4.87751 3.38524 60.2703 
-10625.7 5.97731 5.04531 0.626029 -4.87751 3.38524 60.2703 
-10625.7 5.97731 5.04531 0.626029 -4.87751 3.38524 60.2703 
-10625.7 5.97731 5.04531 0.626029 -4.87751 3.38524 60.2703 
-10640.6 6.5185 4.98159 0.548479 -5.1071 3.38417 61.5731 
-10640.6 6.5185 4.98159 0.548479 -5.1071 3.38417 61.5731 
-10642.1 6.61443 5.11154 0.335624 -4.59429 3.38499 57.6009 
-10642.1 6.61443 5.11154 0.335624 -4.59429 3.38499 57.6009 
-10642.1 6.61443 5.11154 0.335624 -4.59429 3.38499 57.6009 
-10703.5 6.03272 4.99936 0.34724 -4.16699 3.38667 61.5286 
-10757.5 6.63928 5.06622 0.0151587 -3.79907 3.38407 59.0769 
-10757.5 6.63928 5.06622 0.0151587 -3.79907 3.38407 59.0769 
-10757.5 6.63928 5.06622 0.0151587 -3.79907 3.38407 59.0769 
-10757.5 6.63928 5.06622 0.0151587 -3.79907 3.38407 59.0769 
-10876.8 6.68719 5.17382 -0.308772 -2.95909 3.38674 55.7079 
-10982.8 6.61551 5.06463 -0.310716 -2.92683 3.3865 59.0491 
-10982.8 6.61551 5.06463 -0.310716 -2.92683 3.3865 59.0491 
-10982.8 6.61551 5.06463 -0.310716 -2.92683 3.3865 59.0491 
-10982.8 6.61551 5.06463 -0.310716 -2.92683 3.3865 59.0491 
-10982.8 6.61551 5.06463 -0.310716 -2.92683 3.3865 59.0491 
-10982.8 6.61551 5.06463 -0.310716 -2.92683 3.3865 59.0491 
-10982.8 6.61551 5.06463 -0.310716 -2.92683 3.3865 59.0491 
-10982.8 6.61551 5.06463 -0.310716 -2.92683 3.3865 59.0491 
-11060.3 6.23303 4.99434 -0.282482 -2.67631 3.38671 61.6014 
-11060.3 6.23303 4.99434 -0.282482 -2.67631 3.38671 61.6014 
-11071.4 6.40093 5.06403 -0.353942 -2.63078 3.38604 59.3954 
-11071.4 6.40093 5.06403 -0.353942 -2.63078 3.38604 59.3954 
-11071.4 6.40093 5.06403 -0.353942 -2.63078 3.38604 59.3954 
-11071.4 6.40093 5.06403 -0.353942 -2.63078 3.38604 59.3954 
-11071.4 6.40093 5.06403 -0.353942 -2.63078 3.38604 59.3954 
-11076.9 6.33929 5.00697 -0.401257 -2.47376 3.38623 61.1605 
-11076.9 6.33929 5.00697 -0.401257 -2.47376 3.38623 61.1605 
-11078.6 6.10551 5.00548 -0.336156 -2.44844 3.38644 61.47 
-11081.1 6.1098 5.01603 -0.265827 -2.64283 3.38667 61.1101 
-11081.1 6.1098 5.01603 -0.265827 -2.64283 3.38667 61.1101 
-11087 6.23468 5.03733 -0.347745 -2.53822 3.38588 60.406 
-11087 6.23468 5.03733 -0.347745 -2.53822 3.38588 60.406 
-11087 6.23468 5.03733 -0.347745 -2.53822 3.38588 60.406 
-11087.6 6.16897 5.00948 -0.292357 -2.61463 3.3863 61.2678 
-11088.7 6.16943 5.02701 -0.344731 -2.48191 3.38636 60.7579 
-11095.7 6.01968 5.03815 -0.240923 -2.62975 3.38639 60.588 
-11095.7 6.01968 5.03815 -0.240923 -2.62975 3.38639 60.588 
-11095.7 6.01968 5.03815 -0.240923 -2.62975 3.38639 60.588 
-11095.7 6.01968 5.03815 -0.240923 -2.62975 3.38639 60.588 
-11095.7 6.01968 5.03815 -0.240923 -2.62975 3.38639 60.588 
-11099.9 6.02623 5.07026 -0.285845 -2.53651 3.38634 59.6415 
-11099.9 6.02623 5.07026 -0.285845 -2.53651 3.38634 59.6415 
-11099.9 6.02623 5.07026 -0.285845 -2.53651 3.38634 59.6415 
-11099.9 6.02623 5.07026 -0.285845 -2.53651 3.38634 59.6415 
-11099.9 6.02623 5.07026 -0.285845 -2.53651 3.38634 59.6415 
-11099.9 6.02623 5.07026 -0.285845 -2.53651 3.38634 59.6415 
-11099.9 6.02623 5.07026 -0.285845 -2.53651 3.38634 59.6415 
-11099.9 6.02623 5.07026 -0.285845 -2.53651 3.38634 59.6415 
-11099.9 6.02623 5.07026 -0.285845 -2.53651 3.38634 59.6415 
-11099.9 6.02623 5.07026 -0.285845 -2.53651 3.38634 59.6415 
-11099.9 6.02623 5.07026 -0.285845 -2.53651 3.38634 59.6415 
-11099.9 6.02623 5.07026 -0.285845 -2.53651 3.38634 59.6415 
-11099.9 6.02623 5.07026 -0.285845 -2.53651 3.38634 59.6415 
-11099.9 6.02623 5.07026 -0.285845 -2.53651 3.38634 59.6415 
-11099.9 6.02623 5.07026 -0.285845 -2.53651 3.38634 59.6415 
-11100.2 5.99772 5.05453 -0.272242 -2.54366 3.38631 60.1437 
-11100.2 5.99772 5.05453 -0.272242 -2.54366 3.38631 60.1437 
-11100.2 5.99772 5.05453 -0.272242 -2.54366 3.38631 60.1437 
-11100.2 5.97444 5.06199 -0.262037 -2.55052 3.3864 59.9431 
-11100.3 5.98779 5.05322 -0.260406 -2.56364 3.38638 60.1874 
-11100.3 5.98779 5.05322 -0.260406 -2.56364 3.38638 60.1874 
-11100.3 5.98779 5.05322 -0.260406 -2.56364 3.38638 60.1874 
-11100.3 5.98779 5.05322 -0.260406 -2.56364 3.38638 60.1874 
-11100.3 5.98779 5.05322 -0.260406 -2.56364 3.38638 60.1874 
-11100.3 5.98779 5.05322 -0.260406 -2.56364 3.38638 60.1874 
-11100.3 6.00731 5.06249 -0.272666 -2.54932 3.38634 59.8941 
-11100.4 5.98647 5.06026 -0.26543 -2.55175 3.38637 59.9817 
-11100.4 5.98647 5.06026 -0.26543 -2.55175 3.38637 59.9817 
-11100.4 5.98647 5.06026 -0.26543 -2.55175 3.38637 59.9817 
-11100.4 5.98647 5.06026 -0.26543 -2.55175 3.38637 59.9817 
-11100.4 5.98647 5.06026 -0.26543 -2.55175 3.38637 59.9817 
-11100.4 5.98647 5.06026 -0.26543 -2.55175 3.38637 59.9817 
-11100.4 5.98647 5.06026 -0.26543 -2.55175 3.38637 59.9817 
-11100.4 5.98647 5.06026 -0.26543 -2.55175 3.38637 59.9817 
-11100.4 5.98647 5.06026 -0.26543 -2.55175 3.38637 59.9817 
-11100.4 5.98647 5.06026 -0.26543 -2.55175 3.38637 59.9817 
-11100.4 5.98647 5.06026 -0.26543 -2.55175 3.38637 59.9817 
-11100.4 5.98831 5.05829 -0.264108 -2.5559 3.38637 60.0377 
-11100.4 5.98831 5.05829 -0.264108 -2.5559 3.38637 60.0377 
-11100.4 5.98396 5.0585 -0.262465 -2.55643 3.38638 60.0361 
-11100.4 5.98396 5.0585 -0.262465 -2.55643 3.38638 60.0361 
-11100.4 5.98396 5.0585 -0.262465 -2.55643 3.38638 60.0361 
-11100.4 5.98396 5.0585 -0.262465 -2.55643 3.38638 60.0361 
-11100.4 5.98396 5.0585 -0.262465 -2.55643 3.38638 60.0361 
-11100.4 5.98396 5.0585 -0.262465 -2.55643 3.38638 60.0361 
-11100.4 5.98396 5.0585 -0.262465 -2.55643 3.38638 60.0361 
-11100.4 5.98228 5.05799 -0.262429 -2.55549 3.38638 60.053 
-11100.4 5.98228 5.05799 -0.262429 -2.55549 3.38638 60.053 
-11100.4 5.98228 5.05799 -0.262429 -2.55549 3.38638 60.053 
-11100.4 5.98228 5.05799 -0.262429 -2.55549 3.38638 60.053 
-11100.4 5.98228 5.05799 -0.262429 -2.55549 3.38638 60.053 
-11100.4 5.98228 5.05799 -0.262429 -2.55549 3.38638 60.053 
-11100.4 5.98228 5.05799 -0.262429 -2.55549 3.38638 60.053 
-11100.4 5.98228 5.05799 -0.262429 -2.55549 3.38638 60.053 
-11100.4 5.98228 5.05799 -0.262429 -2.55549 3.38638 60.053 
-11100.4 5.98228 5.05799 -0.262429 -2.55549 3.38638 60.053 
-11100.4 5.98228 5.05799 -0.262429 -2.55549 3.38638 60.053 
-11100.4 5.98228 5.05799 -0.262429 -2.55549 3.38638 60.053 
-11100.4 5.98228 5.05799 -0.262429 -2.55549 3.38638 60.053 
-11100.4 5.98228 5.05799 -0.262429 -2.55549 3.38638 60.053 
-11100.4 5.98228 5.05799 -0.262429 -2.55549 3.38638 60.053 
-11100.4 5.98228 5.05799 -0.262429 -2.55549 3.38638 60.053 
-11100.4 5.98228 5.05799 -0.262429 -2.55549 3.38638 60.053 
-11100.4 5.98228 5.05799 -0.262429 -2.55549 3.38638 60.053 
-11100.4 5.98228 5.05799 -0.262429 -2.55549 3.38638 60.053 
-11100.4 5.98245 5.05771 -0.262723 -2.55514 3.38638 60.0611 
-11100.4 5.98245 5.05771 -0.262723 -2.55514 3.38638 60.0611 
-11100.4 5.98245 5.05771 -0.262723 -2.55514 3.38638 60.0611 
-11100.4 5.98279 5.05781 -0.263351 -2.55378 3.38638 60.0579 
-11100.4 5.98279 5.05781 -0.263351 -2.55378 3.38638 60.0579 
-11100.4 5.98279 5.05781 -0.263351 -2.55378 3.38638 60.0579 
-11100.4 5.98279 5.05781 -0.263351 -2.55378 3.38638 60.0579 
-11100.4 5.98471 5.05742 -0.264837 -2.55221 3.38638 60.0674 
-11100.4 5.98471 5.05742 -0.264837 -2.55221 3.38638 60.0674 
-11100.4 5.98354 5.05814 -0.263868 -2.55343 3.38638 60.0472 
-11100.4 5.98354 5.05814 -0.263868 -2.55343 3.38638 60.0472 
-11100.4 5.98354 5.05814 -0.263868 -2.55343 3.38638 60.0472 
-11100.4 5.98354 5.05814 -0.263868 -2.55343 3.38638 60.0472 
-11100.4 5.98354 5.05814 -0.263868 -2.55343 3.38638 60.0472 
-11100.4 5.98354 5.05814 -0.263868 -2.55343 3.38638 60.0472 
-11100.4 5.98354 5.05814 -0.263868 -2.55343 3.38638 60.0472 
-11100.4 5.98354 5.05814 -0.263868 -2.55343 3.38638 60.0472 
-11100.4 5.98354 5.05814 -0.263868 -2.55343 3.38638 60.0472 
-11100.4 5.98529 5.05796 -0.264422 -2.55357 3.38638 60.0507 
-11100.4 5.98529 5.05796 -0.264422 -2.55357 3.38638 60.0507 
-11100.4 5.98735 5.05785 -0.266339 -2.551 3.38638 60.0515 
-11100.4 5.98735 5.05785 -0.266339 -2.551 3.38638 60.0515 
-11100.4 5.98735 5.05785 -0.266339 -2.551 3.38638 60.0515 
-11100.4 5.98735 5.05785 -0.266339 -2.551 3.38638 60.0515 
-11100.4 5.98735 5.05785 -0.266339 -2.551 3.38638 60.0515 
-11100.4 5.99108 5.05821 -0.267512 -2.55126 3.38638 60.0363 
-11100.4 5.99108 5.05821 -0.267512 -2.55126 3.38638 60.0363 
-11100.4 5.99108 5.05821 -0.267512 -2.55126 3.38638 60.0363 
-11100.4 5.99402 5.05791 -0.26892 -2.55051 3.38638 60.0417 
-11100.4 5.99402 5.05791 -0.26892 -2.55051 3.38638 60.0417 
-11100.4 5.9995 5.05764 -0.272787 -2.54635 3.38638 60.0437 
-11100.4 6.00229 5.05855 -0.272941 -2.54836 3.38638 60.013 
-11100.4 6.00765 5.05801 -0.276389 -2.54457 3.38638 60.0231 
-11100.4 6.00765 5.05801 -0.276389 -2.54457 3.38638 60.0231 
-11100.4 6.01827 5.05748 -0.282265 -2.54041 3.38637 60.0264 
-11100.4 6.01827 5.05748 -0.282265 -2.54041 3.38637 60.0264 
-11100.4 6.03751 5.05768 -0.292379 -2.53306 3.38637 59.9981 
-11100.4 6.04554 5.05826 -0.294441 -2.53474 3.38637 59.9713 
-11100.4 6.04554 5.05826 -0.294441 -2.53474 3.38637 59.9713 
-11100.4 6.07257 5.05779 -0.31021 -2.52116 3.38637 59.9539 
-11100.5 6.10135 5.05695 -0.324482 -2.5127 3.38636 59.9452 
-11100.5 6.10135 5.05695 -0.324482 -2.5127 3.38636 59.9452 
-11100.5 6.10135 5.05695 -0.324482 -2.5127 3.38636 59.9452 
-11100.5 6.14425 5.05873 -0.346009 -2.49932 3.38635 59.8422 
-11100.5 6.20625 5.05796 -0.376539 -2.48043 3.38634 59.7924 
-11100.5 6.20625 5.05796 -0.376539 -2.48043 3.38634 59.7924 
-11100.7 6.27796 5.05729 -0.413715 -2.45561 3.38633 59.7287 
-11100.7 6.27796 5.05729 -0.413715 -2.45561 3.38633 59.7287 
-11100.8 6.36989 5.05789 -0.460495 -2.42569 3.38632 59.6034 
-11101.1 6.52286 5.05956 -0.53774 -2.37562 3.38629 59.3753 
-11101.1 6.52286 5.05956 -0.53774 -2.37562 3.38629 59.3753 
-11101.1 6.52286 5.05956 -0.53774 -2.37562 3.38629 59.3753 
-11101.1 6.52286 5.05956 -0.53774 -2.37562 3.38629 59.3753 
-11101.1 6.52286 5.05956 -0.53774 -2.37562 3.38629 59.3753 
-11101.1 6.52286 5.05956 -0.53774 -2.37562 3.38629 59.3753 
-11101.1 6.52286 5.05956 -0.53774 -2.37562 3.38629 59.3753 
-11101.1 6.55195 5.05806 -0.552327 -2.36647 3.38629 59.3858 
-11101.1 6.55195 5.05806 -0.552327 -2.36647 3.38629 59.3858 
-11101.1 6.55195 5.05806 -0.552327 -2.36647 3.38629 59.3858 
-11101.1 6.55195 5.05806 -0.552327 -2.36647 3.38629 59.3858 
-11101.1 6.55195 5.05806 -0.552327 -2.36647 3.38629 59.3858 
-11101.1 6.55195 5.05806 -0.552327 -2.36647 3.38629 59.3858 
-11101.1 6.55195 5.05806 -0.552327 -2.36647 3.38629 59.3858 
-11101.1 6.55195 5.05806 -0.552327 -2.36647 3.38629 59.3858 
-11101.1 6.55195 5.05806 -0.552327 -2.36647 3.38629 59.3858 
-11101.1 6.55195 5.05806 -0.552327 -2.36647 3.38629 59.3858 
-11101.1 6.55195 5.05806 -0.552327 -2.36647 3.38629 59.3858 
-11101.1 6.55195 5.05806 -0.552327 -2.36647 3.38629 59.3858 
-11101.1 6.51986 5.05861 -0.538209 -2.37196 3.38629 59.4073 
-11101.1 6.50609 5.05911 -0.530858 -2.37692 3.38629 59.4085 
-11101.1 6.50609 5.05911 -0.530858 -2.37692 3.38629 59.4085 
-11101.1 6.50609 5.05911 -0.530858 -2.37692 3.38629 59.4085 
-11101.1 6.57941 5.05966 -0.567223 -2.35437 3.38628 59.3064 
-11101.1 6.57941 5.05966 -0.567223 -2.35437 3.38628 59.3064 
-11101.1 6.57941 5.05966 -0.567223 -2.35437 3.38628 59.3064 
-11101.1 6.57941 5.05966 -0.567223 -2.35437 3.38628 59.3064 
-11101.1 6.61756 5.05992 -0.586993 -2.3403 3.38628 59.2544 
-11101.1 6.61756 5.05992 -0.586993 -2.3403 3.38628 59.2544 
-11101.1 6.61756 5.05992 -0.586993 -2.3403 3.38628 59.2544 
-11101.1 6.61825 5.05923 -0.587208 -2.34014 3.38628 59.2738 
-11101.1 6.61825 5.05923 -0.587208 -2.34014 3.38628 59.2738 
-11101.1 6.61825 5.05923 -0.587208 -2.34014 3.38628 59.2738 
-11101.1 6.61825 5.05923 -0.587208 -2.34014 3.38628 59.2738 
-11101.1 6.57653 5.05996 -0.566913 -2.35192 3.38628 59.3014 
-11101.2 6.63994 5.06116 -0.599166 -2.3289 3.38628 59.1918 
-11101.2 6.63994 5.06116 -0.599166 -2.3289 3.38628 59.1918 
-11101.2 6.60106 5.06087 -0.578956 -2.34345 3.38628 59.2458 
-11101.2 6.60028 5.05878 -0.577782 -2.34608 3.38628 59.3081 
-11101.2 6.60028 5.05878 -0.577782 -2.34608 3.38628 59.3081 
-11101.2 6.60028 5.05878 -0.577782 -2.34608 3.38628 59.3081 
-11101.2 6.6484 5.06011 -0.602186 -2.3282 3.38628 59.2129 
-11101.2 6.6484 5.06011 -0.602186 -2.3282 3.38628 59.2129 
-11101.2 6.6484 5.06011 -0.602186 -2.3282 3.38628 59.2129 
-11101.2 6.6484 5.06011 -0.602186 -2.3282 3.38628 59.2129 
-11101.2 6.6484 5.06011 -0.602186 -2.3282 3.38628 59.2129 
-11101.2 6.7116 5.05959 -0.631874 -2.3111 3.38627 59.154 
-11101.2 6.7116 5.05959 -0.631874 -2.3111 3.38627 59.154 
-11101.2 6.7116 5.05959 -0.631874 -2.3111 3.38627 59.154 
-11101.2 6.7116 5.05959 -0.631874 -2.3111 3.38627 59.154 
-11101.2 6.79675 5.05907 -0.675222 -2.27961 3.38626 59.0701 
-11101.2 6.79675 5.05907 -0.675222 -2.27961 3.38626 59.0701 
-11101.2 6.79675 5.05907 -0.675222 -2.27961 3.38626 59.0701 
-11101.5 6.90194 5.06104 -0.724913 -2.25009 3.38625 58.8884 
-11101.5 6.90194 5.06104 -0.724913 -2.25009 3.38625 58.8884 
-11101.5 6.90194 5.06104 -0.724913 -2.25009 3.38625 58.8884 
-11101.5 7.00292 5.05999 -0.774786 -2.21841 3.38624 58.8012 
-11101.7 7.19942 5.06002 -0.872588 -2.14948 3.38622 58.5712 
-11101.7 7.19942 5.06002 -0.872588 -2.14948 3.38622 58.5712 
-11101.7 7.19942 5.06002 -0.872588 -2.14948 3.38622 58.5712 
-11101.7 7.19942 5.06002 -0.872588 -2.14948 3.38622 58.5712 
-11101.7 7.19942 5.06002 -0.872588 -2.14948 3.38622 58.5712 
-11101.7 7.19942 5.06002 -0.872588 -2.14948 3.38622 58.5712 
-11101.8 7.35602 5.06301 -0.949046 -2.09917 3.38621 58.2991 
-11101.8 7.35602 5.06301 -0.949046 -2.09917 3.38621 58.2991 
-11101.8 7.35602 5.06301 -0.949046 -2.09917 3.38621 58.2991 
-11101.8 7.35602 5.06301 -0.949046 -2.09917 3.38621 58.2991 
-11101.8 7.35602 5.06301 -0.949046 -2.09917 3.38621 58.2991 
-11101.8 7.35602 5.06301 -0.949046 -2.09917 3.38621 58.2991 
-11101.8 7.35602 5.06301 -0.949046 -2.09917 3.38621 58.2991 
-11101.8 7.27631 5.06156 -0.912669 -2.11649 3.38622 58.4363 
-11101.8 7.27072 5.05857 -0.907898 -2.12176 3.38622 58.5312 
-11101.9 7.54908 5.06447 -1.04716 -2.02371 3.3862 58.0313 
-11101.9 7.54908 5.06447 -1.04716 -2.02371 3.3862 58.0313 
-11101.9 7.54908 5.06447 -1.04716 -2.02371 3.3862 58.0313 
-11102.1 7.51613 5.06163 -1.02858 -2.03747 3.3862 58.154 
-11102.1 7.51613 5.06163 -1.02858 -2.03747 3.3862 58.154 
-11102.1 7.51613 5.06163 -1.02858 -2.03747 3.3862 58.154 
-11102.1 7.51613 5.06163 -1.02858 -2.03747 3.3862 58.154 
-11102.1 7.51613 5.06163 -1.02858 -2.03747 3.3862 58.154 
-11102.1 7.51613 5.06163 -1.02858 -2.03747 3.3862 58.154 
-11102.1 7.51613 5.06163 -1.02858 -2.03747 3.3862 58.154 
-11102.2 7.55536 5.06137 -1.0497 -2.0192 3.3862 58.1163 
-11102.2 7.55536 5.06137 -1.0497 -2.0192 3.3862 58.1163 
-11102.2 7.55536 5.06137 -1.0497 -2.0192 3.3862 58.1163 
-11102.2 7.48318 5.06039 -1.01362 -2.04539 3.38621 58.2296 
-11102.2 7.49645 5.06076 -1.02115 -2.03832 3.38621 58.2033 
-11102.2 7.49645 5.06076 -1.02115 -2.03832 3.38621 58.2033 
-11102.2 7.51549 5.06015 -1.02976 -2.03213 3.38621 58.199 
-11102.2 7.51549 5.06015 -1.02976 -2.03213 3.38621 58.199 
-11102.2 7.58466 5.05842 -1.06681 -1.99926 3.38621 58.1705 
-11102.2 7.53235 5.05876 -1.03865 -2.02361 3.38621 58.2208 
-11102.2 7.53235 5.05876 -1.03865 -2.02361 3.38621 58.2208 
-11102.2 7.53235 5.05876 -1.03865 -2.02361 3.38621 58.2208 
-11102.2 7.53235 5.05876 -1.03865 -2.02361 3.38621 58.2208 
-11102.2 7.52217 5.06 -1.03408 -2.02766 3.38621 58.1959 
-11102.2 7.52217 5.06 -1.03408 -2.02766 3.38621 58.1959 
-11102.2 7.56866 5.05834 -1.05885 -2.00565 3.38621 58.1915 
-11102.2 7.54911 5.05954 -1.04735 -2.01785 3.38621 58.1782 
-11102.2 7.54911 5.05954 -1.04735 -2.01785 3.38621 58.1782 
-11102.2 7.54911 5.05954 -1.04735 -2.01785 3.38621 58.1782 
-11102.2 7.56567 5.05954 -1.05744 -2.00766 3.3862 58.1592 
-11102.2 7.52129 5.05916 -1.03533 -2.02418 3.38621 58.2221 
-11102.2 7.52129 5.05916 -1.03533 -2.02418 3.38621 58.2221 
-11102.2 7.52129 5.05916 -1.03533 -2.02418 3.38621 58.2221 
-11102.2 7.52129 5.05916 -1.03533 -2.02418 3.38621 58.2221 
-11102.2 7.52129 5.05916 -1.03533 -2.02418 3.38621 58.2221 
-11102.2 7.52129 5.05916 -1.03533 -2.02418 3.38621 58.2221 
-11102.2 7.54505 5.05959 -1.04671 -2.01667 3.38621 58.1816 
-11102.2 7.52858 5.05905 -1.03837 -2.0226 3.38621 58.2169 
-11102.2 7.52858 5.05905 -1.03837 -2.0226 3.38621 58.2169 
-11102.2 7.56009 5.05928 -1.05433 -2.01046 3.38621 58.1734 
-11102.2 7.56009 5.05928 -1.05433 -2.01046 3.38621 58.1734 
-11102.2 7.56009 5.05928 -1.05433 -2.01046 3.38621 58.1734 
-11102.2 7.56009 5.05928 -1.05433 -2.01046 3.38621 58.1734 
-11102.2 7.56009 5.05928 -1.05433 -2.01046 3.38621 58.1734 
-11102.2 7.54846 5.0594 -1.04874 -2.01477 3.38621 58.1832 
-11102.2 7.55829 5.05834 -1.05358 -2.01045 3.38621 58.2032 
-11102.2 7.55829 5.05834 -1.05358 -2.01045 3.38621 58.2032 
-11102.2 7.55829 5.05834 -1.05358 -2.01045 3.38621 58.2032 
-11102.2 7.55829 5.05834 -1.05358 -2.01045 3.38621 58.2032 
-11102.2 7.55829 5.05834 -1.05358 -2.01045 3.38621 58.2032 
-11102.2 7.53224 5.05868 -1.04078 -2.02021 3.38621 58.2236 
-11102.2 7.53224 5.05868 -1.04078 -2.02021 3.38621 58.2236 
-11102.2 7.55721 5.05858 -1.05244 -2.01225 3.38621 58.1975 
-11102.2 7.55721 5.05858 -1.05244 -2.01225 3.38621 58.1975 
-11102.2 7.55721 5.05858 -1.05244 -2.01225 3.38621 58.1975 
-11102.2 7.55721 5.05858 -1.05244 -2.01225 3.38621 58.1975 
-11102.2 7.54329 5.05808 -1.04522 -2.01788 3.38621 58.2283 
-11102.2 7.55855 5.058 -1.05357 -2.01069 3.38621 58.213 
-11102.2 7.55231 5.05867 -1.05041 -2.01336 3.38621 58.2004 
-11102.2 7.54198 5.05849 -1.04498 -2.01785 3.38621 58.2178 
-11102.2 7.54198 5.05849 -1.04498 -2.01785 3.38621 58.2178 
-11102.2 7.54198 5.05849 -1.04498 -2.01785 3.38621 58.2178 
-11102.2 7.52525 5.05789 -1.03693 -2.02347 3.38621 58.2552 
-11102.2 7.52525 5.05789 -1.03693 -2.02347 3.38621 58.2552 
-11102.2 7.52525 5.05789 -1.03693 -2.02347 3.38621 58.2552 
-11102.2 7.52905 5.05798 -1.03861 -2.02253 3.38621 58.248 
-11102.2 7.52905 5.05798 -1.03861 -2.02253 3.38621 58.248 
-11102.2 7.52901 5.05761 -1.03893 -2.02198 3.38621 58.259 
-11102.2 7.52901 5.05761 -1.03893 -2.02198 3.38621 58.259 
-11102.2 7.52901 5.05761 -1.03893 -2.02198 3.38621 58.259 
-11102.2 7.52901 5.05761 -1.03893 -2.02198 3.38621 58.259 
-11102.2 7.52901 5.05761 -1.03893 -2.02198 3.38621 58.259 
-11102.2 7.52901 5.05761 -1.03893 -2.02198 3.38621 58.259 
-11102.2 7.52901 5.05761 -1.03893 -2.02198 3.38621 58.259 
-11102.2 7.52901 5.05761 -1.03893 -2.02198 3.38621 58.259 
-11102.2 7.52901 5.05761 -1.03893 -2.02198 3.38621 58.259 
-11102.2 7.52901 5.05761 -1.03893 -2.02198 3.38621 58.259 
-11102.2 7.54455 5.05771 -1.04742 -2.01473 3.38621 58.2379 
-11102.2 7.54455 5.05771 -1.04742 -2.01473 3.38621 58.2379 
-11102.2 7.54455 5.05771 -1.04742 -2.01473 3.38621 58.2379 
-11102.2 7.53907 5.05749 -1.04467 -2.01687 3.38621 58.251 
-11102.2 7.54005 5.05731 -1.04491 -2.01705 3.38621 58.2551 
-11102.2 7.54005 5.05731 -1.04491 -2.01705 3.38621 58.2551 
-11102.2 7.54005 5.05731 -1.04491 -2.01705 3.38621 58.2551 
-11102.2 7.54005 5.05731 -1.04491 -2.01705 3.38621 58.2551 
-11102.2 7.54005 5.05731 -1.04491 -2.01705 3.38621 58.2551 
-11102.2 7.54005 5.05731 -1.04491 -2.01705 3.38621 58.2551 
-11102.2 7.54005 5.05731 -1.04491 -2.01705 3.38621 58.2551 
-11102.2 7.54005 5.05731 -1.04491 -2.01705 3.38621 58.2551 
-11102.2 7.54005 5.05731 -1.04491 -2.01705 3.38621 58.2551 
-11102.2 7.54005 5.05731 -1.04491 -2.01705 3.38621 58.2551 
-11102.2 7.54005 5.05731 -1.04491 -2.01705 3.38621 58.2551 
-11102.2 7.53769 5.05705 -1.0436 -2.01814 3.38621 58.2656 
-11102.2 7.53769 5.05705 -1.0436 -2.01814 3.38621 58.2656 
-11102.2 7.53556 5.0571 -1.04248 -2.01907 3.38621 58.2665 
-11102.2 7.53551 5.05702 -1.04242 -2.0192 3.38621 58.2687 
-11102.2 7.53551 5.05702 -1.04242 -2.0192 3.38621 58.2687 
-11102.2 7.53551 5.05702 -1.04242 -2.0192 3.38621 58.2687 
-11102.2 7.536 5.05693 -1.04244 -2.01939 3.38621 58.271 
-11102.2 7.536 5.05693 -1.04244 -2.01939 3.38621 58.271 
-11102.2 7.536 5.05693 -1.04244 -2.01939 3.38621 58.271 
-11102.2 7.536 5.05693 -1.04244 -2.01939 3.38621 58.271 
-11102.2 7.54025 5.05661 -1.04453 -2.01793 3.38621 58.2754 
-11102.2 7.54025 5.05661 -1.04453 -2.01793 3.38621 58.2754 
-11102.2 7.54278 5.0571 -1.04581 -2.01691 3.38621 58.2579 
-11102.2 7.54278 5.0571 -1.04581 -2.01691 3.38621 58.2579 
-11102.2 7.53647 5.05692 -1.0428 -2.01896 3.38621 58.2705 
-11102.2 7.53647 5.05692 -1.0428 -2.01896 3.38621 58.2705 
-11102.2 7.53647 5.05692 -1.0428 -2.01896 3.38621 58.2705 
-11102.2 7.54382 5.05687 -1.04646 -2.01618 3.38621 58.2636 
-11102.2 7.54977 5.05665 -1.0492 -2.0145 3.38621 58.263 
-11102.2 7.54977 5.05665 -1.0492 -2.0145 3.38621 58.263 
-11102.2 7.54977 5.05665 -1.0492 -2.0145 3.38621 58.263 
-11102.2 7.54977 5.05665 -1.0492 -2.0145 3.38621 58.263 
-11102.2 7.54977 5.05665 -1.0492 -2.0145 3.38621 58.263 
-11102.2 7.56445 5.0568 -1.05662 -2.00868 3.38621 58.2415 
-11102.2 7.56006 5.05688 -1.05438 -2.01051 3.38621 58.2443 
-11102.2 7.56006 5.05688 -1.05438 -2.01051 3.38621 58.2443 
-11102.2 7.56006 5.05688 -1.05438 -2.01051 3.38621 58.2443 
-11102.2 7.56006 5.05688 -1.05438 -2.01051 3.38621 58.2443 
-11102.2 7.56006 5.05688 -1.05438 -2.01051 3.38621 58.2443 
-11102.2 7.56006 5.05688 -1.05438 -2.01051 3.38621 58.2443 
-11102.2 7.57252 5.0562 -1.06039 -2.00641 3.38621 58.2498 
-11102.2 7.57252 5.0562 -1.06039 -2.00641 3.38621 58.2498 
-11102.2 7.55995 5.05695 -1.0547 -2.00987 3.38621 58.2424 
-11102.2 7.57485 5.05663 -1.06127 -2.00602 3.38621 58.2342 
-11102.2 7.57485 5.05663 -1.06127 -2.00602 3.38621 58.2342 
-11102.2 7.5661 5.05675 -1.05746 -2.00833 3.38621 58.241 
-11102.2 7.5661 5.05675 -1.05746 -2.00833 3.38621 58.241 
-11102.2 7.5661 5.05675 -1.05746 -2.00833 3.38621 58.241 
-11102.3 7.54909 5.05759 -1.04907 -2.01451 3.38621 58.2361 
-11102.3 7.5688 5.0564 -1.05762 -2.00991 3.38621 58.2478 
-11102.3 7.60201 5.05696 -1.07472 -1.99638 3.38621 58.1925 
-11102.3 7.56275 5.0571 -1.05581 -2.01011 3.38621 58.2344 
-11102.3 7.56275 5.0571 -1.05581 -2.01011 3.38621 58.2344 
-11102.3 7.56585 5.05775 -1.05678 -2.01001 3.38621 58.2112 
-11102.3 7.56585 5.05775 -1.05678 -2.01001 3.38621 58.2112 
-11102.3 7.56585 5.05775 -1.05678 -2.01001 3.38621 58.2112 
-11102.3 7.56585 5.05775 -1.05678 -2.01001 3.38621 58.2112 
-11102.3 7.55464 5.05809 -1.05126 -2.0146 3.38621 58.2142 
-11102.3 7.55464 5.05809 -1.05126 -2.0146 3.38621 58.2142 
-11102.3 7.55464 5.05809 -1.05126 -2.0146 3.38621 58.2142 
-11102.3 7.55464 5.05809 -1.05126 -2.0146 3.38621 58.2142 
-11102.3 7.55464 5.05809 -1.05126 -2.0146 3.38621 58.2142 
-11102.3 7.55464 5.05809 -1.05126 -2.0146 3.38621 58.2142 
-11102.3 7.5821 5.05849 -1.06524 -2.00377 3.38621 58.1702 
-11102.3 7.5821 5.05849 -1.06524 -2.00377 3.38621 58.1702 
-11102.3 7.5821 5.05849 -1.06524 -2.00377 3.38621 58.1702 
-11102.3 7.5821 5.05849 -1.06524 -2.00377 3.38621 58.1702 
-11102.3 7.5821 5.05849 -1.06524 -2.00377 3.38621 58.1702 
-11102.3 7.5821 5.05849 -1.06524 -2.00377 3.38621 58.1702 
-11102.3 7.5821 5.05849 -1.06524 -2.00377 3.38621 58.1702 
-11102.3 7.5821 5.05849 -1.06524 -2.00377 3.38621 58.1702 
-11102.3 7.5821 5.05849 -1.06524 -2.00377 3.38621 58.1702 
-11102.3 7.5821 5.05849 -1.06524 -2.00377 3.38621 58.1702 
-11102.3 7.5821 5.05849 -1.06524 -2.00377 3.38621 58.1702 
-11102.3 7.5821 5.05849 -1.06524 -2.00377 3.38621 58.1702 
-11102.3 7.5821 5.05849 -1.06524 -2.00377 3.38621 58.1702 
-11102.3 7.5821 5.05849 -1.06524 -2.00377 3.38621 58.1702 
-11102.3 7.5821 5.05849 -1.06524 -2.00377 3.38621 58.1702 
-11102.3 7.5821 5.05849 -1.06524 -2.00377 3.38621 58.1702 
-11102.3 7.5821 5.05849 -1.06524 -2.00377 3.38621 58.1702 
-11102.3 7.5821 5.05849 -1.06524 -2.00377 3.38621 58.1702 
-11102.3 7.59174 5.05856 -1.0705 -1.99935 3.38621 58.1569 
-11102.3 7.59174 5.05856 -1.0705 -1.99935 3.38621 58.1569 
-11102.3 7.59174 5.05856 -1.0705 -1.99935 3.38621 58.1569 
-11102.3 7.59174 5.05856 -1.0705 -1.99935 3.38621 58.1569 
-11102.3 7.58698 5.0587 -1.06815 -2.00081 3.38621 58.1585 
-11102.3 7.58698 5.0587 -1.06815 -2.00081 3.38621 58.1585 
-11102.3 7.58645 5.05813 -1.06796 -2.001 3.38621 58.1761 
-11102.3 7.58645 5.05813 -1.06796 -2.001 3.38621 58.1761 
-11102.3 7.59588 5.05831 -1.073 -1.99678 3.38621 58.1598 
-11102.3 7.59588 5.05831 -1.073 -1.99678 3.38621 58.1598 
-11102.3 7.59039 5.05824 -1.07042 -1.99836 3.38621 58.1682 
-11102.3 7.59039 5.05824 -1.07042 -1.99836 3.38621 58.1682 
-11102.3 7.59039 5.05824 -1.07042 -1.99836 3.38621 58.1682 
-11102.3 7.59039 5.05824 -1.07042 -1.99836 3.38621 58.1682 
-11102.3 7.59039 5.05824 -1.07042 -1.99836 3.38621 58.1682 
-11102.3 7.59103 5.0582 -1.07125 -1.99706 3.38621 58.1687 
-11102.3 7.59103 5.0582 -1.07125 -1.99706 3.38621 58.1687 
-11102.3 7.59103 5.0582 -1.07125 -1.99706 3.38621 58.1687 
-11102.3 7.59103 5.0582 -1.07125 -1.99706 3.38621 58.1687 
-11102.3 7.586 5.05859 -1.06858 -1.99922 3.38621 58.163 
-11102.3 7.586 5.05859 -1.06858 -1.99922 3.38621 58.163 
-11102.3 7.586 5.05859 -1.06858 -1.99922 3.38621 58.163 
-11102.3 7.586 5.05859 -1.06858 -1.99922 3.38621 58.163 
-11102.3 7.59093 5.05823 -1.07127 -1.99705 3.38621 58.168 
-11102.3 7.59093 5.05823 -1.07127 -1.99705 3.38621 58.168 
-11102.3 7.59093 5.05823 -1.07127 -1.99705 3.38621 58.168 
-11102.3 7.59093 5.05823 -1.07127 -1.99705 3.38621 58.168 
-11102.3 7.59093 5.05823 -1.07127 -1.99705 3.38621 58.168 
-11102.3 7.59093 5.05823 -1.07127 -1.99705 3.38621 58.168 
-11102.3 7.59093 5.05823 -1.07127 -1.99705 3.38621 58.168 
-11102.3 7.59093 5.05823 -1.07127 -1.99705 3.38621 58.168 
-11102.3 7.59093 5.05823 -1.07127 -1.99705 3.38621 58.168 
-11102.3 7.59093 5.05823 -1.07127 -1.99705 3.38621 58.168 
-11102.3 7.59093 5.05823 -1.07127 -1.99705 3.38621 58.168 
-11102.3 7.59093 5.05823 -1.07127 -1.99705 3.38621 58.168 
-11102.3 7.59093 5.05823 -1.07127 -1.99705 3.38621 58.168 
-11102.3 7.59093 5.05823 -1.07127 -1.99705 3.38621 58.168 
-11102.3 7.59093 5.05823 -1.07127 -1.99705 3.38621 58.168 
-11102.3 7.59093 5.05823 -1.07127 -1.99705 3.38621 58.168 
-11102.3 7.59093 5.05823 -1.07127 -1.99705 3.38621 58.168 
-11102.3 7.59093 5.05823 -1.07127 -1.99705 3.38621 58.168 
-11102.3 7.59093 5.05823 -1.07127 -1.99705 3.38621 58.168 
-11102.3 7.59093 5.05823 -1.07127 -1.99705 3.38621 58.168 
-11102.3 7.59093 5.05823 -1.07127 -1.99705 3.38621 58.168 
-11102.3 7.59093 5.05823 -1.07127 -1.99705 3.38621 58.168 
-11102.3 7.59093 5.05823 -1.07127 -1.99705 3.38621 58.168 
-11102.3 7.59093 5.05823 -1.07127 -1.99705 3.38621 58.168 
-11102.3 7.59093 5.05823 -1.07127 -1.99705 3.38621 58.168 
-11102.3 7.59093 5.05823 -1.07127 -1.99705 3.38621 58.168 
-11102.3 7.59093 5.05823 -1.07127 -1.99705 3.38621 58.168 
-11102.3 7.59093 5.05823 -1.07127 -1.99705 3.38621 58.168 
-11102.3 7.59093 5.05823 -1.07127 -1.99705 3.38621 58.168 
-11102.3 7.59093 5.05823 -1.07127 -1.99705 3.38621 58.168 
-11102.3 7.59093 5.05823 -1.07127 -1.99705 3.38621 58.168 
-11102.3 7.59093 5.05823 -1.07127 -1.99705 3.38621 58.168 
-11102.3 7.59093 5.05823 -1.07127 -1.99705 3.38621 58.168 
-11102.3 7.59093 5.05823 -1.07127 -1.99705 3.38621 58.168 
-11102.3 7.59093 5.05823 -1.07127 -1.99705 3.38621 58.168 
-11102.3 7.59093 5.05823 -1.07127 -1.99705 3.38621 58.168 
-11102.3 7.59093 5.05823 -1.07127 -1.99705 3.38621 58.168 
-11102.3 7.59093 5.05823 -1.07127 -1.99705 3.38621 58.168 
-11102.3 7.59093 5.05823 -1.07127 -1.99705 3.38621 58.168 
-11102.3 7.59093 5.05823 -1.07127 -1.99705 3.38621 58.168 
-11102.3 7.59093 5.05823 -1.07127 -1.99705 3.38621 58.168 
-11102.3 7.59093 5.05823 -1.07127 -1.99705 3.38621 58.168 
