-11090.5 7.81124 5.07413 -1.22765 -2.03334 3.383 0.551146 -4.68865 3.37796 -0.0868329 2.18693 -9.50069 3.37735 0.225334 
-11090.5 7.81124 5.07413 -1.22765 -2.03334 3.383 0.551146 -4.68865 3.37796 -0.0868329 2.18693 -9.50069 3.37735 0.225334 
-11090.5 7.81124 5.07413 -1.22765 -2.03334 3.383 0.551146 -4.68865 3.37796 -0.0868329 2.18693 -9.50069 3.37735 0.225334 
-11090.5 7.81124 5.07413 -1.22765 -2.03334 3.383 0.551146 -4.68865 3.37796 -0.0868329 2.18693 -9.50069 3.37735 0.225334 
-11090.5 7.81124 5.07413 -1.22765 -2.03334 3.383 0.551146 -4.68865 3.37796 -0.0868329 2.18693 -9.50069 3.37735 0.225334 
-11090.5 7.81124 5.07413 -1.22765 -2.03334 3.383 0.551146 -4.68865 3.37796 -0.0868329 2.18693 -9.50069 3.37735 0.225334 
-11090.5 7.81124 5.07413 -1.22765 -2.03334 3.383 0.551146 -4.68865 3.37796 -0.0868329 2.18693 -9.50069 3.37735 0.225334 
-11090.5 7.81124 5.07413 -1.22765 -2.03334 3.383 0.551146 -4.68865 3.37796 -0.0868329 2.18693 -9.50069 3.37735 0.225334 
-11090.5 7.81124 5.07413 -1.22765 -2.03334 3.383 0.551146 -4.68865 3.37796 -0.0868329 2.18693 -9.50069 3.37735 0.225334 
-11090.5 7.81124 5.07413 -1.22765 -2.03334 3.383 0.551146 -4.68865 3.37796 -0.0868329 2.18693 -9.50069 3.37735 0.225334 
-11090.5 7.81124 5.07413 -1.22765 -2.03334 3.383 0.551146 -4.68865 3.37796 -0.0868329 2.18693 -9.50069 3.37735 0.225334 
-11090.5 7.81124 5.07413 -1.22765 -2.03334 3.383 0.551146 -4.68865 3.37796 -0.0868329 2.18693 -9.50069 3.37735 0.225334 
-11090.5 7.81124 5.07413 -1.22765 -2.03334 3.383 0.551146 -4.68865 3.37796 -0.0868329 2.18693 -9.50069 3.37735 0.225334 
-11090.5 7.81124 5.07413 -1.22765 -2.03334 3.383 0.551146 -4.68865 3.37796 -0.0868329 2.18693 -9.50069 3.37735 0.225334 
-11090.5 7.81124 5.07413 -1.22765 -2.03334 3.383 0.551146 -4.68865 3.37796 -0.0868329 2.18693 -9.50069 3.37735 0.225334 
-11090.5 7.81124 5.07413 -1.22765 -2.03334 3.383 0.551146 -4.68865 3.37796 -0.0868329 2.18693 -9.50069 3.37735 0.225334 
-11090.5 7.81124 5.07413 -1.22765 -2.03334 3.383 0.551146 -4.68865 3.37796 -0.0868329 2.18693 -9.50069 3.37735 0.225334 
-11090.5 7.81124 5.07413 -1.22765 -2.03334 3.383 0.551146 -4.68865 3.37796 -0.0868329 2.18693 -9.50069 3.37735 0.225334 
-11095.6 7.82295 5.07665 -1.26565 -1.94906 3.38433 0.606686 -4.92508 3.37294 0.0184653 2.19247 -9.32106 3.37721 0.0648382 
-11095.6 7.82295 5.07665 -1.26565 -1.94906 3.38433 0.606686 -4.92508 3.37294 0.0184653 2.19247 -9.32106 3.37721 0.0648382 
-11095.6 7.82295 5.07665 -1.26565 -1.94906 3.38433 0.606686 -4.92508 3.37294 0.0184653 2.19247 -9.32106 3.37721 0.0648382 
-11095.6 7.82295 5.07665 -1.26565 -1.94906 3.38433 0.606686 -4.92508 3.37294 0.0184653 2.19247 -9.32106 3.37721 0.0648382 
-11095.6 7.82295 5.07665 -1.26565 -1.94906 3.38433 0.606686 -4.92508 3.37294 0.0184653 2.19247 -9.32106 3.37721 0.0648382 
-11186.8 7.7902 5.07442 -1.23371 -1.96707 3.3855 0.665187 -4.88565 3.37339 -0.000276943 2.11423 -9.38775 3.37883 0.0237146 
-11186.8 7.7902 5.07442 -1.23371 -1.96707 3.3855 0.665187 -4.88565 3.37339 -0.000276943 2.11423 -9.38775 3.37883 0.0237146 
-11186.8 7.7902 5.07442 -1.23371 -1.96707 3.3855 0.665187 -4.88565 3.37339 -0.000276943 2.11423 -9.38775 3.37883 0.0237146 
-11186.8 7.7902 5.07442 -1.23371 -1.96707 3.3855 0.665187 -4.88565 3.37339 -0.000276943 2.11423 -9.38775 3.37883 0.0237146 
-11186.8 7.7902 5.07442 -1.23371 -1.96707 3.3855 0.665187 -4.88565 3.37339 -0.000276943 2.11423 -9.38775 3.37883 0.0237146 
-11186.8 7.7902 5.07442 -1.23371 -1.96707 3.3855 0.665187 -4.88565 3.37339 -0.000276943 2.11423 -9.38775 3.37883 0.0237146 
-11186.8 7.7902 5.07442 -1.23371 -1.96707 3.3855 0.665187 -4.88565 3.37339 -0.000276943 2.11423 -9.38775 3.37883 0.0237146 
-11206 7.84833 5.07642 -1.26461 -1.98036 3.38254 0.696987 -4.62957 3.37497 0.0429523 1.88859 -9.468 3.3728 0.0502472 
-11213.2 7.86138 5.07585 -1.26548 -1.9601 3.38591 0.591271 -4.89135 3.37494 0.0314209 2.01069 -9.46103 3.37905 0.071623 
-11213.2 7.86138 5.07585 -1.26548 -1.9601 3.38591 0.591271 -4.89135 3.37494 0.0314209 2.01069 -9.46103 3.37905 0.071623 
-11213.2 7.86138 5.07585 -1.26548 -1.9601 3.38591 0.591271 -4.89135 3.37494 0.0314209 2.01069 -9.46103 3.37905 0.071623 
-11247.5 7.85729 5.07547 -1.22848 -2.01918 3.38465 0.650852 -4.90441 3.37356 0.0280108 2.02833 -9.45395 3.37838 0.0896318 
-11247.5 7.85729 5.07547 -1.22848 -2.01918 3.38465 0.650852 -4.90441 3.37356 0.0280108 2.02833 -9.45395 3.37838 0.0896318 
-11247.5 7.85729 5.07547 -1.22848 -2.01918 3.38465 0.650852 -4.90441 3.37356 0.0280108 2.02833 -9.45395 3.37838 0.0896318 
-11247.5 7.85729 5.07547 -1.22848 -2.01918 3.38465 0.650852 -4.90441 3.37356 0.0280108 2.02833 -9.45395 3.37838 0.0896318 
-11247.5 7.85729 5.07547 -1.22848 -2.01918 3.38465 0.650852 -4.90441 3.37356 0.0280108 2.02833 -9.45395 3.37838 0.0896318 
-11247.5 7.85729 5.07547 -1.22848 -2.01918 3.38465 0.650852 -4.90441 3.37356 0.0280108 2.02833 -9.45395 3.37838 0.0896318 
-11247.5 7.85729 5.07547 -1.22848 -2.01918 3.38465 0.650852 -4.90441 3.37356 0.0280108 2.02833 -9.45395 3.37838 0.0896318 
-11247.5 7.85729 5.07547 -1.22848 -2.01918 3.38465 0.650852 -4.90441 3.37356 0.0280108 2.02833 -9.45395 3.37838 0.0896318 
-11254.6 7.80405 5.07516 -1.23994 -2.03924 3.38609 0.717349 -4.86158 3.37532 0.06401 1.80556 -9.58266 3.37746 0.0699453 
-11276.3 7.85754 5.07669 -1.27409 -1.99895 3.38426 0.672906 -4.85941 3.3747 -0.1291 1.82656 -9.47472 3.37689 0.0101749 
-11298 7.85178 5.07775 -1.27922 -2.03279 3.38473 0.668865 -4.88822 3.3753 0.0432579 1.79076 -9.54983 3.3755 0.101697 
-11298 7.85178 5.07775 -1.27922 -2.03279 3.38473 0.668865 -4.88822 3.3753 0.0432579 1.79076 -9.54983 3.3755 0.101697 
-11298 7.85178 5.07775 -1.27922 -2.03279 3.38473 0.668865 -4.88822 3.3753 0.0432579 1.79076 -9.54983 3.3755 0.101697 
-11349.7 7.82584 5.07701 -1.22872 -2.01255 3.38523 0.649945 -4.79979 3.37415 0.0628882 1.80204 -9.56916 3.37567 0.0545044 
-11349.7 7.82584 5.07701 -1.22872 -2.01255 3.38523 0.649945 -4.79979 3.37415 0.0628882 1.80204 -9.56916 3.37567 0.0545044 
-11355.6 7.83636 5.07642 -1.25787 -1.99199 3.38375 0.684386 -4.75778 3.37465 0.0409168 1.89071 -9.49056 3.37505 0.0554576 
-11355.6 7.83636 5.07642 -1.25787 -1.99199 3.38375 0.684386 -4.75778 3.37465 0.0409168 1.89071 -9.49056 3.37505 0.0554576 
-11355.6 7.83636 5.07642 -1.25787 -1.99199 3.38375 0.684386 -4.75778 3.37465 0.0409168 1.89071 -9.49056 3.37505 0.0554576 
-11355.6 7.83636 5.07642 -1.25787 -1.99199 3.38375 0.684386 -4.75778 3.37465 0.0409168 1.89071 -9.49056 3.37505 0.0554576 
-11355.6 7.83636 5.07642 -1.25787 -1.99199 3.38375 0.684386 -4.75778 3.37465 0.0409168 1.89071 -9.49056 3.37505 0.0554576 
-11355.6 7.83636 5.07642 -1.25787 -1.99199 3.38375 0.684386 -4.75778 3.37465 0.0409168 1.89071 -9.49056 3.37505 0.0554576 
-11355.6 7.83636 5.07642 -1.25787 -1.99199 3.38375 0.684386 -4.75778 3.37465 0.0409168 1.89071 -9.49056 3.37505 0.0554576 
-11375.9 7.81486 5.07785 -1.26169 -1.9886 3.38463 0.728303 -4.79993 3.37555 0.0451435 1.61985 -9.61754 3.37475 0.0113197 
-11375.9 7.81486 5.07785 -1.26169 -1.9886 3.38463 0.728303 -4.79993 3.37555 0.0451435 1.61985 -9.61754 3.37475 0.0113197 
-11375.9 7.81486 5.07785 -1.26169 -1.9886 3.38463 0.728303 -4.79993 3.37555 0.0451435 1.61985 -9.61754 3.37475 0.0113197 
-11401.6 7.81969 5.076 -1.24309 -2.01983 3.38533 0.701499 -4.85547 3.37495 0.0486521 1.80874 -9.56006 3.37693 0.059479 
-11401.6 7.81969 5.076 -1.24309 -2.01983 3.38533 0.701499 -4.85547 3.37495 0.0486521 1.80874 -9.56006 3.37693 0.059479 
-11401.6 7.81969 5.076 -1.24309 -2.01983 3.38533 0.701499 -4.85547 3.37495 0.0486521 1.80874 -9.56006 3.37693 0.059479 
-11401.6 7.81969 5.076 -1.24309 -2.01983 3.38533 0.701499 -4.85547 3.37495 0.0486521 1.80874 -9.56006 3.37693 0.059479 
-11401.6 7.81969 5.076 -1.24309 -2.01983 3.38533 0.701499 -4.85547 3.37495 0.0486521 1.80874 -9.56006 3.37693 0.059479 
-11401.6 7.81969 5.076 -1.24309 -2.01983 3.38533 0.701499 -4.85547 3.37495 0.0486521 1.80874 -9.56006 3.37693 0.059479 
-11401.6 7.81969 5.076 -1.24309 -2.01983 3.38533 0.701499 -4.85547 3.37495 0.0486521 1.80874 -9.56006 3.37693 0.059479 
-11401.6 7.81969 5.076 -1.24309 -2.01983 3.38533 0.701499 -4.85547 3.37495 0.0486521 1.80874 -9.56006 3.37693 0.059479 
-11401.6 7.81969 5.076 -1.24309 -2.01983 3.38533 0.701499 -4.85547 3.37495 0.0486521 1.80874 -9.56006 3.37693 0.059479 
-11401.6 7.81969 5.076 -1.24309 -2.01983 3.38533 0.701499 -4.85547 3.37495 0.0486521 1.80874 -9.56006 3.37693 0.059479 
-11401.6 7.81969 5.076 -1.24309 -2.01983 3.38533 0.701499 -4.85547 3.37495 0.0486521 1.80874 -9.56006 3.37693 0.059479 
-11401.6 7.81969 5.076 -1.24309 -2.01983 3.38533 0.701499 -4.85547 3.37495 0.0486521 1.80874 -9.56006 3.37693 0.059479 
-11403.6 7.81951 5.07649 -1.24058 -2.01349 3.38517 0.708648 -4.82345 3.37519 0.0402658 1.81259 -9.541 3.37632 0.0594913 
-11403.6 7.81951 5.07649 -1.24058 -2.01349 3.38517 0.708648 -4.82345 3.37519 0.0402658 1.81259 -9.541 3.37632 0.0594913 
-11403.6 7.81951 5.07649 -1.24058 -2.01349 3.38517 0.708648 -4.82345 3.37519 0.0402658 1.81259 -9.541 3.37632 0.0594913 
-11403.6 7.81951 5.07649 -1.24058 -2.01349 3.38517 0.708648 -4.82345 3.37519 0.0402658 1.81259 -9.541 3.37632 0.0594913 
-11403.6 7.81951 5.07649 -1.24058 -2.01349 3.38517 0.708648 -4.82345 3.37519 0.0402658 1.81259 -9.541 3.37632 0.0594913 
-11403.6 7.81951 5.07649 -1.24058 -2.01349 3.38517 0.708648 -4.82345 3.37519 0.0402658 1.81259 -9.541 3.37632 0.0594913 
-11403.6 7.81951 5.07649 -1.24058 -2.01349 3.38517 0.708648 -4.82345 3.37519 0.0402658 1.81259 -9.541 3.37632 0.0594913 
-11403.6 7.81951 5.07649 -1.24058 -2.01349 3.38517 0.708648 -4.82345 3.37519 0.0402658 1.81259 -9.541 3.37632 0.0594913 
-11403.6 7.81951 5.07649 -1.24058 -2.01349 3.38517 0.708648 -4.82345 3.37519 0.0402658 1.81259 -9.541 3.37632 0.0594913 
-11403.6 7.81951 5.07649 -1.24058 -2.01349 3.38517 0.708648 -4.82345 3.37519 0.0402658 1.81259 -9.541 3.37632 0.0594913 
-11403.6 7.81951 5.07649 -1.24058 -2.01349 3.38517 0.708648 -4.82345 3.37519 0.0402658 1.81259 -9.541 3.37632 0.0594913 
-11411.2 7.82113 5.0765 -1.23825 -2.01484 3.38522 0.692185 -4.82554 3.37487 0.048018 1.80899 -9.55281 3.37631 0.0582415 
-11411.2 7.82113 5.0765 -1.23825 -2.01484 3.38522 0.692185 -4.82554 3.37487 0.048018 1.80899 -9.55281 3.37631 0.0582415 
-11411.2 7.82113 5.0765 -1.23825 -2.01484 3.38522 0.692185 -4.82554 3.37487 0.048018 1.80899 -9.55281 3.37631 0.0582415 
-11411.2 7.82113 5.0765 -1.23825 -2.01484 3.38522 0.692185 -4.82554 3.37487 0.048018 1.80899 -9.55281 3.37631 0.0582415 
-11411.2 7.82113 5.0765 -1.23825 -2.01484 3.38522 0.692185 -4.82554 3.37487 0.048018 1.80899 -9.55281 3.37631 0.0582415 
-11411.2 7.82113 5.0765 -1.23825 -2.01484 3.38522 0.692185 -4.82554 3.37487 0.048018 1.80899 -9.55281 3.37631 0.0582415 
-11411.2 7.82113 5.0765 -1.23825 -2.01484 3.38522 0.692185 -4.82554 3.37487 0.048018 1.80899 -9.55281 3.37631 0.0582415 
-11411.2 7.82113 5.0765 -1.23825 -2.01484 3.38522 0.692185 -4.82554 3.37487 0.048018 1.80899 -9.55281 3.37631 0.0582415 
-11411.2 7.82113 5.0765 -1.23825 -2.01484 3.38522 0.692185 -4.82554 3.37487 0.048018 1.80899 -9.55281 3.37631 0.0582415 
-11411.2 7.82113 5.0765 -1.23825 -2.01484 3.38522 0.692185 -4.82554 3.37487 0.048018 1.80899 -9.55281 3.37631 0.0582415 
-11411.2 7.82113 5.0765 -1.23825 -2.01484 3.38522 0.692185 -4.82554 3.37487 0.048018 1.80899 -9.55281 3.37631 0.0582415 
-11411.2 7.82113 5.0765 -1.23825 -2.01484 3.38522 0.692185 -4.82554 3.37487 0.048018 1.80899 -9.55281 3.37631 0.0582415 
-11411.2 7.82113 5.0765 -1.23825 -2.01484 3.38522 0.692185 -4.82554 3.37487 0.048018 1.80899 -9.55281 3.37631 0.0582415 
-11411.2 7.82113 5.0765 -1.23825 -2.01484 3.38522 0.692185 -4.82554 3.37487 0.048018 1.80899 -9.55281 3.37631 0.0582415 
-11411.2 7.82113 5.0765 -1.23825 -2.01484 3.38522 0.692185 -4.82554 3.37487 0.048018 1.80899 -9.55281 3.37631 0.0582415 
-11411.2 7.82113 5.0765 -1.23825 -2.01484 3.38522 0.692185 -4.82554 3.37487 0.048018 1.80899 -9.55281 3.37631 0.0582415 
-11411.2 7.82113 5.0765 -1.23825 -2.01484 3.38522 0.692185 -4.82554 3.37487 0.048018 1.80899 -9.55281 3.37631 0.0582415 
-11411.2 7.82113 5.0765 -1.23825 -2.01484 3.38522 0.692185 -4.82554 3.37487 0.048018 1.80899 -9.55281 3.37631 0.0582415 
-11411.2 7.82113 5.0765 -1.23825 -2.01484 3.38522 0.692185 -4.82554 3.37487 0.048018 1.80899 -9.55281 3.37631 0.0582415 
-11411.2 7.82113 5.0765 -1.23825 -2.01484 3.38522 0.692185 -4.82554 3.37487 0.048018 1.80899 -9.55281 3.37631 0.0582415 
-11411.2 7.82113 5.0765 -1.23825 -2.01484 3.38522 0.692185 -4.82554 3.37487 0.048018 1.80899 -9.55281 3.37631 0.0582415 
-11411.2 7.82113 5.0765 -1.23825 -2.01484 3.38522 0.692185 -4.82554 3.37487 0.048018 1.80899 -9.55281 3.37631 0.0582415 
-11411.2 7.82113 5.0765 -1.23825 -2.01484 3.38522 0.692185 -4.82554 3.37487 0.048018 1.80899 -9.55281 3.37631 0.0582415 
-11411.2 7.82113 5.0765 -1.23825 -2.01484 3.38522 0.692185 -4.82554 3.37487 0.048018 1.80899 -9.55281 3.37631 0.0582415 
-11411.2 7.82113 5.0765 -1.23825 -2.01484 3.38522 0.692185 -4.82554 3.37487 0.048018 1.80899 -9.55281 3.37631 0.0582415 
-11411.2 7.82113 5.0765 -1.23825 -2.01484 3.38522 0.692185 -4.82554 3.37487 0.048018 1.80899 -9.55281 3.37631 0.0582415 
-11411.2 7.82113 5.0765 -1.23825 -2.01484 3.38522 0.692185 -4.82554 3.37487 0.048018 1.80899 -9.55281 3.37631 0.0582415 
-11411.2 7.82113 5.0765 -1.23825 -2.01484 3.38522 0.692185 -4.82554 3.37487 0.048018 1.80899 -9.55281 3.37631 0.0582415 
-11411.2 7.82113 5.0765 -1.23825 -2.01484 3.38522 0.692185 -4.82554 3.37487 0.048018 1.80899 -9.55281 3.37631 0.0582415 
-11411.2 7.82113 5.0765 -1.23825 -2.01484 3.38522 0.692185 -4.82554 3.37487 0.048018 1.80899 -9.55281 3.37631 0.0582415 
-11411.2 7.82113 5.0765 -1.23825 -2.01484 3.38522 0.692185 -4.82554 3.37487 0.048018 1.80899 -9.55281 3.37631 0.0582415 
-11411.2 7.82113 5.0765 -1.23825 -2.01484 3.38522 0.692185 -4.82554 3.37487 0.048018 1.80899 -9.55281 3.37631 0.0582415 
-11411.2 7.82113 5.0765 -1.23825 -2.01484 3.38522 0.692185 -4.82554 3.37487 0.048018 1.80899 -9.55281 3.37631 0.0582415 
-11411.2 7.82113 5.0765 -1.23825 -2.01484 3.38522 0.692185 -4.82554 3.37487 0.048018 1.80899 -9.55281 3.37631 0.0582415 
-11411.2 7.82113 5.0765 -1.23825 -2.01484 3.38522 0.692185 -4.82554 3.37487 0.048018 1.80899 -9.55281 3.37631 0.0582415 
-11411.2 7.82113 5.0765 -1.23825 -2.01484 3.38522 0.692185 -4.82554 3.37487 0.048018 1.80899 -9.55281 3.37631 0.0582415 
-11411.2 7.82113 5.0765 -1.23825 -2.01484 3.38522 0.692185 -4.82554 3.37487 0.048018 1.80899 -9.55281 3.37631 0.0582415 
-11411.2 7.82113 5.0765 -1.23825 -2.01484 3.38522 0.692185 -4.82554 3.37487 0.048018 1.80899 -9.55281 3.37631 0.0582415 
-11411.2 7.82113 5.0765 -1.23825 -2.01484 3.38522 0.692185 -4.82554 3.37487 0.048018 1.80899 -9.55281 3.37631 0.0582415 
-11411.2 7.82113 5.0765 -1.23825 -2.01484 3.38522 0.692185 -4.82554 3.37487 0.048018 1.80899 -9.55281 3.37631 0.0582415 
-11411.2 7.82113 5.0765 -1.23825 -2.01484 3.38522 0.692185 -4.82554 3.37487 0.048018 1.80899 -9.55281 3.37631 0.0582415 
-11411.2 7.82113 5.0765 -1.23825 -2.01484 3.38522 0.692185 -4.82554 3.37487 0.048018 1.80899 -9.55281 3.37631 0.0582415 
-11411.2 7.82113 5.0765 -1.23825 -2.01484 3.38522 0.692185 -4.82554 3.37487 0.048018 1.80899 -9.55281 3.37631 0.0582415 
-11411.2 7.82113 5.0765 -1.23825 -2.01484 3.38522 0.692185 -4.82554 3.37487 0.048018 1.80899 -9.55281 3.37631 0.0582415 
-11411.2 7.82113 5.0765 -1.23825 -2.01484 3.38522 0.692185 -4.82554 3.37487 0.048018 1.80899 -9.55281 3.37631 0.0582415 
-11411.2 7.82113 5.0765 -1.23825 -2.01484 3.38522 0.692185 -4.82554 3.37487 0.048018 1.80899 -9.55281 3.37631 0.0582415 
-11411.2 7.82113 5.0765 -1.23825 -2.01484 3.38522 0.692185 -4.82554 3.37487 0.048018 1.80899 -9.55281 3.37631 0.0582415 
-11411.2 7.82113 5.0765 -1.23825 -2.01484 3.38522 0.692185 -4.82554 3.37487 0.048018 1.80899 -9.55281 3.37631 0.0582415 
-11411.2 7.82113 5.0765 -1.23825 -2.01484 3.38522 0.692185 -4.82554 3.37487 0.048018 1.80899 -9.55281 3.37631 0.0582415 
-11411.2 7.82113 5.0765 -1.23825 -2.01484 3.38522 0.692185 -4.82554 3.37487 0.048018 1.80899 -9.55281 3.37631 0.0582415 
-11411.2 7.82113 5.0765 -1.23825 -2.01484 3.38522 0.692185 -4.82554 3.37487 0.048018 1.80899 -9.55281 3.37631 0.0582415 
-11411.2 7.82113 5.0765 -1.23825 -2.01484 3.38522 0.692185 -4.82554 3.37487 0.048018 1.80899 -9.55281 3.37631 0.0582415 
-11411.2 7.82113 5.0765 -1.23825 -2.01484 3.38522 0.692185 -4.82554 3.37487 0.048018 1.80899 -9.55281 3.37631 0.0582415 
-11411.2 7.82113 5.0765 -1.23825 -2.01484 3.38522 0.692185 -4.82554 3.37487 0.048018 1.80899 -9.55281 3.37631 0.0582415 
-11411.2 7.82113 5.0765 -1.23825 -2.01484 3.38522 0.692185 -4.82554 3.37487 0.048018 1.80899 -9.55281 3.37631 0.0582415 
-11411.2 7.82113 5.0765 -1.23825 -2.01484 3.38522 0.692185 -4.82554 3.37487 0.048018 1.80899 -9.55281 3.37631 0.0582415 
-11411.2 7.82113 5.0765 -1.23825 -2.01484 3.38522 0.692185 -4.82554 3.37487 0.048018 1.80899 -9.55281 3.37631 0.0582415 
-11411.2 7.82113 5.0765 -1.23825 -2.01484 3.38522 0.692185 -4.82554 3.37487 0.048018 1.80899 -9.55281 3.37631 0.0582415 
-11411.2 7.82113 5.0765 -1.23825 -2.01484 3.38522 0.692185 -4.82554 3.37487 0.048018 1.80899 -9.55281 3.37631 0.0582415 
-11411.2 7.82113 5.0765 -1.23825 -2.01484 3.38522 0.692185 -4.82554 3.37487 0.048018 1.80899 -9.55281 3.37631 0.0582415 
-11411.2 7.82113 5.0765 -1.23825 -2.01484 3.38522 0.692185 -4.82554 3.37487 0.048018 1.80899 -9.55281 3.37631 0.0582415 
-11411.2 7.82113 5.0765 -1.23825 -2.01484 3.38522 0.692185 -4.82554 3.37487 0.048018 1.80899 -9.55281 3.37631 0.0582415 
-11411.2 7.82113 5.0765 -1.23825 -2.01484 3.38522 0.692185 -4.82554 3.37487 0.048018 1.80899 -9.55281 3.37631 0.0582415 
-11411.2 7.82113 5.0765 -1.23825 -2.01484 3.38522 0.692185 -4.82554 3.37487 0.048018 1.80899 -9.55281 3.37631 0.0582415 
-11411.2 7.82113 5.0765 -1.23825 -2.01484 3.38522 0.692185 -4.82554 3.37487 0.048018 1.80899 -9.55281 3.37631 0.0582415 
-11411.2 7.82113 5.0765 -1.23825 -2.01484 3.38522 0.692185 -4.82554 3.37487 0.048018 1.80899 -9.55281 3.37631 0.0582415 
-11411.2 7.82113 5.0765 -1.23825 -2.01484 3.38522 0.692185 -4.82554 3.37487 0.048018 1.80899 -9.55281 3.37631 0.0582415 
-11411.2 7.82113 5.0765 -1.23825 -2.01484 3.38522 0.692185 -4.82554 3.37487 0.048018 1.80899 -9.55281 3.37631 0.0582415 
-11411.2 7.82113 5.0765 -1.23825 -2.01484 3.38522 0.692185 -4.82554 3.37487 0.048018 1.80899 -9.55281 3.37631 0.0582415 
-11411.2 7.82113 5.0765 -1.23825 -2.01484 3.38522 0.692185 -4.82554 3.37487 0.048018 1.80899 -9.55281 3.37631 0.0582415 
-11411.2 7.82113 5.0765 -1.23825 -2.01484 3.38522 0.692185 -4.82554 3.37487 0.048018 1.80899 -9.55281 3.37631 0.0582415 
-11411.2 7.82113 5.0765 -1.23825 -2.01484 3.38522 0.692185 -4.82554 3.37487 0.048018 1.80899 -9.55281 3.37631 0.0582415 
-11411.2 7.82113 5.0765 -1.23825 -2.01484 3.38522 0.692185 -4.82554 3.37487 0.048018 1.80899 -9.55281 3.37631 0.0582415 
-11411.2 7.82113 5.0765 -1.23825 -2.01484 3.38522 0.692185 -4.82554 3.37487 0.048018 1.80899 -9.55281 3.37631 0.0582415 
-11411.2 7.82113 5.0765 -1.23825 -2.01484 3.38522 0.692185 -4.82554 3.37487 0.048018 1.80899 -9.55281 3.37631 0.0582415 
-11411.2 7.82113 5.0765 -1.23825 -2.01484 3.38522 0.692185 -4.82554 3.37487 0.048018 1.80899 -9.55281 3.37631 0.0582415 
-11411.2 7.82113 5.0765 -1.23825 -2.01484 3.38522 0.692185 -4.82554 3.37487 0.048018 1.80899 -9.55281 3.37631 0.0582415 
-11411.2 7.82113 5.0765 -1.23825 -2.01484 3.38522 0.692185 -4.82554 3.37487 0.048018 1.80899 -9.55281 3.37631 0.0582415 
-11411.2 7.82113 5.0765 -1.23825 -2.01484 3.38522 0.692185 -4.82554 3.37487 0.048018 1.80899 -9.55281 3.37631 0.0582415 
-11411.2 7.82113 5.0765 -1.23825 -2.01484 3.38522 0.692185 -4.82554 3.37487 0.048018 1.80899 -9.55281 3.37631 0.0582415 
-11411.2 7.82113 5.0765 -1.23825 -2.01484 3.38522 0.692185 -4.82554 3.37487 0.048018 1.80899 -9.55281 3.37631 0.0582415 
-11411.2 7.82113 5.0765 -1.23825 -2.01484 3.38522 0.692185 -4.82554 3.37487 0.048018 1.80899 -9.55281 3.37631 0.0582415 
-11411.2 7.82113 5.0765 -1.23825 -2.01484 3.38522 0.692185 -4.82554 3.37487 0.048018 1.80899 -9.55281 3.37631 0.0582415 
-11411.2 7.82113 5.0765 -1.23825 -2.01484 3.38522 0.692185 -4.82554 3.37487 0.048018 1.80899 -9.55281 3.37631 0.0582415 
-11411.2 7.82113 5.0765 -1.23825 -2.01484 3.38522 0.692185 -4.82554 3.37487 0.048018 1.80899 -9.55281 3.37631 0.0582415 
-11411.2 7.82113 5.0765 -1.23825 -2.01484 3.38522 0.692185 -4.82554 3.37487 0.048018 1.80899 -9.55281 3.37631 0.0582415 
-11411.2 7.82113 5.0765 -1.23825 -2.01484 3.38522 0.692185 -4.82554 3.37487 0.048018 1.80899 -9.55281 3.37631 0.0582415 
-11411.2 7.82113 5.0765 -1.23825 -2.01484 3.38522 0.692185 -4.82554 3.37487 0.048018 1.80899 -9.55281 3.37631 0.0582415 
-11411.2 7.82113 5.0765 -1.23825 -2.01484 3.38522 0.692185 -4.82554 3.37487 0.048018 1.80899 -9.55281 3.37631 0.0582415 
-11411.2 7.82113 5.0765 -1.23825 -2.01484 3.38522 0.692185 -4.82554 3.37487 0.048018 1.80899 -9.55281 3.37631 0.0582415 
-11411.2 7.82113 5.0765 -1.23825 -2.01484 3.38522 0.692185 -4.82554 3.37487 0.048018 1.80899 -9.55281 3.37631 0.0582415 
-11411.2 7.82113 5.0765 -1.23825 -2.01484 3.38522 0.692185 -4.82554 3.37487 0.048018 1.80899 -9.55281 3.37631 0.0582415 
-11411.2 7.82113 5.0765 -1.23825 -2.01484 3.38522 0.692185 -4.82554 3.37487 0.048018 1.80899 -9.55281 3.37631 0.0582415 
-11411.2 7.82113 5.0765 -1.23825 -2.01484 3.38522 0.692185 -4.82554 3.37487 0.048018 1.80899 -9.55281 3.37631 0.0582415 
-11411.2 7.82113 5.0765 -1.23825 -2.01484 3.38522 0.692185 -4.82554 3.37487 0.048018 1.80899 -9.55281 3.37631 0.0582415 
-11411.2 7.82113 5.0765 -1.23825 -2.01484 3.38522 0.692185 -4.82554 3.37487 0.048018 1.80899 -9.55281 3.37631 0.0582415 
-11411.2 7.82113 5.0765 -1.23825 -2.01484 3.38522 0.692185 -4.82554 3.37487 0.048018 1.80899 -9.55281 3.37631 0.0582415 
-11411.2 7.82113 5.0765 -1.23825 -2.01484 3.38522 0.692185 -4.82554 3.37487 0.048018 1.80899 -9.55281 3.37631 0.0582415 
-11411.2 7.82113 5.0765 -1.23825 -2.01484 3.38522 0.692185 -4.82554 3.37487 0.048018 1.80899 -9.55281 3.37631 0.0582415 
-11411.2 7.82113 5.0765 -1.23825 -2.01484 3.38522 0.692185 -4.82554 3.37487 0.048018 1.80899 -9.55281 3.37631 0.0582415 
-11411.2 7.82113 5.0765 -1.23825 -2.01484 3.38522 0.692185 -4.82554 3.37487 0.048018 1.80899 -9.55281 3.37631 0.0582415 
-11411.2 7.82113 5.0765 -1.23825 -2.01484 3.38522 0.692185 -4.82554 3.37487 0.048018 1.80899 -9.55281 3.37631 0.0582415 
-11411.2 7.82113 5.0765 -1.23825 -2.01484 3.38522 0.692185 -4.82554 3.37487 0.048018 1.80899 -9.55281 3.37631 0.0582415 
-11411.2 7.82113 5.0765 -1.23825 -2.01484 3.38522 0.692185 -4.82554 3.37487 0.048018 1.80899 -9.55281 3.37631 0.0582415 
-11411.2 7.82113 5.0765 -1.23825 -2.01484 3.38522 0.692185 -4.82554 3.37487 0.048018 1.80899 -9.55281 3.37631 0.0582415 
-11411.2 7.82113 5.0765 -1.23825 -2.01484 3.38522 0.692185 -4.82554 3.37487 0.048018 1.80899 -9.55281 3.37631 0.0582415 
-11411.2 7.82113 5.0765 -1.23825 -2.01484 3.38522 0.692185 -4.82554 3.37487 0.048018 1.80899 -9.55281 3.37631 0.0582415 
-11411.2 7.82113 5.0765 -1.23825 -2.01484 3.38522 0.692185 -4.82554 3.37487 0.048018 1.80899 -9.55281 3.37631 0.0582415 
-11411.2 7.82113 5.0765 -1.23825 -2.01484 3.38522 0.692185 -4.82554 3.37487 0.048018 1.80899 -9.55281 3.37631 0.0582415 
-11411.2 7.82113 5.0765 -1.23825 -2.01484 3.38522 0.692185 -4.82554 3.37487 0.048018 1.80899 -9.55281 3.37631 0.0582415 
-11411.2 7.82113 5.0765 -1.23825 -2.01484 3.38522 0.692185 -4.82554 3.37487 0.048018 1.80899 -9.55281 3.37631 0.0582415 
-11411.2 7.8212 5.0765 -1.23812 -2.01487 3.38522 0.692202 -4.82554 3.37487 0.0481495 1.80896 -9.55281 3.37631 0.0582568 
-11411.3 7.82122 5.0765 -1.23816 -2.01485 3.38522 0.692164 -4.82557 3.37487 0.0480991 1.80907 -9.55276 3.37631 0.0582622 
-11411.4 7.82119 5.0765 -1.23812 -2.01487 3.38522 0.692226 -4.82565 3.37487 0.048084 1.80896 -9.55272 3.37631 0.0582055 
-11411.4 7.82121 5.0765 -1.23815 -2.01484 3.38522 0.692171 -4.82561 3.37487 0.0481654 1.80906 -9.55277 3.37631 0.0582582 
-11411.4 7.8212 5.0765 -1.23813 -2.01485 3.38522 0.692194 -4.82561 3.37487 0.0482016 1.80906 -9.5528 3.37631 0.0582824 
-11411.5 7.8212 5.0765 -1.23816 -2.01484 3.38522 0.692185 -4.82558 3.37487 0.048121 1.80905 -9.55277 3.37631 0.0582661 
-11411.5 7.8212 5.0765 -1.23816 -2.01484 3.38522 0.692185 -4.82558 3.37487 0.048121 1.80905 -9.55277 3.37631 0.0582661 
-11411.5 7.82121 5.0765 -1.23815 -2.01485 3.38522 0.692181 -4.8256 3.37487 0.0481393 1.80905 -9.55277 3.37631 0.0582615 
-11411.5 7.82121 5.0765 -1.23815 -2.01485 3.38522 0.692181 -4.8256 3.37487 0.0481393 1.80905 -9.55277 3.37631 0.0582615 
-11411.5 7.82121 5.0765 -1.23815 -2.01485 3.38522 0.692181 -4.8256 3.37487 0.0481393 1.80905 -9.55277 3.37631 0.0582615 
-11411.5 7.8212 5.0765 -1.23815 -2.01487 3.38522 0.692205 -4.82568 3.37487 0.0481166 1.80905 -9.55272 3.37631 0.0582208 
-11411.5 7.8212 5.0765 -1.23815 -2.01487 3.38522 0.692205 -4.82568 3.37487 0.0481166 1.80905 -9.55272 3.37631 0.0582208 
-11411.5 7.8212 5.0765 -1.23815 -2.01487 3.38522 0.692205 -4.82568 3.37487 0.0481166 1.80905 -9.55272 3.37631 0.0582208 
-11411.5 7.8212 5.0765 -1.23815 -2.01487 3.38522 0.692205 -4.82568 3.37487 0.0481166 1.80905 -9.55272 3.37631 0.0582208 
-11411.5 7.8212 5.0765 -1.23815 -2.01487 3.38522 0.692205 -4.82568 3.37487 0.0481166 1.80905 -9.55272 3.37631 0.0582208 
-11411.5 7.8212 5.0765 -1.23815 -2.01487 3.38522 0.692205 -4.82568 3.37487 0.0481166 1.80905 -9.55272 3.37631 0.0582208 
-11411.6 7.8212 5.0765 -1.23816 -2.01485 3.38522 0.692223 -4.82558 3.37487 0.0482037 1.80905 -9.55276 3.37631 0.0582556 
-11411.6 7.8212 5.0765 -1.23816 -2.01485 3.38522 0.692223 -4.82558 3.37487 0.0482037 1.80905 -9.55276 3.37631 0.0582556 
-11411.6 7.82134 5.07649 -1.23793 -2.01489 3.3852 0.692216 -4.82571 3.37487 0.0483997 1.80908 -9.55271 3.37632 0.0582793 
-11411.6 7.82134 5.07649 -1.23793 -2.01489 3.3852 0.692216 -4.82571 3.37487 0.0483997 1.80908 -9.55271 3.37632 0.0582793 
-11411.6 7.82134 5.07649 -1.23793 -2.01489 3.3852 0.692216 -4.82571 3.37487 0.0483997 1.80908 -9.55271 3.37632 0.0582793 
-11411.6 7.82134 5.07649 -1.23793 -2.01489 3.3852 0.692216 -4.82571 3.37487 0.0483997 1.80908 -9.55271 3.37632 0.0582793 
-11411.6 7.82134 5.07649 -1.23793 -2.01489 3.3852 0.692216 -4.82571 3.37487 0.0483997 1.80908 -9.55271 3.37632 0.0582793 
-11411.6 7.82134 5.07649 -1.23793 -2.01489 3.3852 0.692216 -4.82571 3.37487 0.0483997 1.80908 -9.55271 3.37632 0.0582793 
-11411.6 7.82134 5.07649 -1.23793 -2.01489 3.3852 0.692216 -4.82571 3.37487 0.0483997 1.80908 -9.55271 3.37632 0.0582793 
-11411.7 7.82124 5.0765 -1.23809 -2.01487 3.38521 0.692208 -4.82567 3.37487 0.0481941 1.80905 -9.55271 3.37631 0.0582233 
-11411.7 7.82124 5.0765 -1.23809 -2.01487 3.38521 0.692208 -4.82567 3.37487 0.0481941 1.80905 -9.55271 3.37631 0.0582233 
-11411.8 7.82124 5.0765 -1.23806 -2.01489 3.38521 0.692233 -4.82565 3.37487 0.0482259 1.80899 -9.55273 3.37631 0.0582298 
-11411.8 7.82124 5.0765 -1.23806 -2.01489 3.38521 0.692233 -4.82565 3.37487 0.0482259 1.80899 -9.55273 3.37631 0.0582298 
-11411.8 7.82124 5.0765 -1.23806 -2.01489 3.38521 0.692233 -4.82565 3.37487 0.0482259 1.80899 -9.55273 3.37631 0.0582298 
-11411.9 7.82127 5.0765 -1.23798 -2.01491 3.38521 0.69228 -4.82569 3.37488 0.04828 1.80897 -9.55268 3.37631 0.0582109 
-11411.9 7.82127 5.0765 -1.23798 -2.01491 3.38521 0.69228 -4.82569 3.37488 0.04828 1.80897 -9.55268 3.37631 0.0582109 
-11411.9 7.82127 5.0765 -1.23798 -2.01491 3.38521 0.69228 -4.82569 3.37488 0.04828 1.80897 -9.55268 3.37631 0.0582109 
-11411.9 7.82129 5.0765 -1.238 -2.01488 3.38521 0.692233 -4.8256 3.37487 0.0483025 1.80899 -9.55274 3.37631 0.0582594 
-11411.9 7.82129 5.0765 -1.238 -2.01488 3.38521 0.692233 -4.8256 3.37487 0.0483025 1.80899 -9.55274 3.37631 0.0582594 
-11411.9 7.8213 5.0765 -1.23796 -2.01491 3.38521 0.692217 -4.8257 3.37487 0.0482358 1.80898 -9.55269 3.37632 0.0582263 
-11412.1 7.82136 5.07649 -1.2379 -2.01492 3.3852 0.692265 -4.8258 3.37488 0.0483635 1.80906 -9.55259 3.37632 0.0582034 
-11412.1 7.82133 5.07649 -1.23794 -2.01491 3.3852 0.692237 -4.8257 3.37488 0.0483548 1.80905 -9.55267 3.37632 0.0582408 
-11412.5 7.82138 5.07649 -1.23776 -2.01496 3.3852 0.692338 -4.82588 3.37488 0.0485827 1.80897 -9.5526 3.37632 0.058191 
-11412.5 7.82138 5.07649 -1.23776 -2.01496 3.3852 0.692338 -4.82588 3.37488 0.0485827 1.80897 -9.5526 3.37632 0.058191 
-11412.5 7.82138 5.07649 -1.23776 -2.01496 3.3852 0.692338 -4.82588 3.37488 0.0485827 1.80897 -9.5526 3.37632 0.058191 
-11412.5 7.82138 5.07649 -1.23776 -2.01496 3.3852 0.692338 -4.82588 3.37488 0.0485827 1.80897 -9.5526 3.37632 0.058191 
-11412.5 7.82138 5.07649 -1.23776 -2.01496 3.3852 0.692338 -4.82588 3.37488 0.0485827 1.80897 -9.5526 3.37632 0.058191 
-11412.5 7.82138 5.07649 -1.23776 -2.01496 3.3852 0.692338 -4.82588 3.37488 0.0485827 1.80897 -9.5526 3.37632 0.058191 
-11413.1 7.82145 5.07649 -1.23769 -2.01497 3.38519 0.692326 -4.82588 3.37488 0.0486151 1.80902 -9.55257 3.37632 0.0582159 
-11413.1 7.82145 5.07649 -1.23769 -2.01497 3.38519 0.692326 -4.82588 3.37488 0.0486151 1.80902 -9.55257 3.37632 0.0582159 
-11413.1 7.82145 5.07649 -1.23769 -2.01497 3.38519 0.692326 -4.82588 3.37488 0.0486151 1.80902 -9.55257 3.37632 0.0582159 
-11413.1 7.82145 5.07649 -1.23769 -2.01497 3.38519 0.692326 -4.82588 3.37488 0.0486151 1.80902 -9.55257 3.37632 0.0582159 
-11413.1 7.82145 5.07649 -1.23769 -2.01497 3.38519 0.692326 -4.82588 3.37488 0.0486151 1.80902 -9.55257 3.37632 0.0582159 
-11413.1 7.82145 5.07649 -1.23769 -2.01497 3.38519 0.692326 -4.82588 3.37488 0.0486151 1.80902 -9.55257 3.37632 0.0582159 
-11413.1 7.82145 5.07649 -1.23769 -2.01497 3.38519 0.692326 -4.82588 3.37488 0.0486151 1.80902 -9.55257 3.37632 0.0582159 
-11413.9 7.82163 5.07648 -1.23736 -2.01504 3.38517 0.69241 -4.82608 3.37489 0.0489672 1.80902 -9.55244 3.37633 0.058202 
-11413.9 7.82163 5.07648 -1.23736 -2.01504 3.38517 0.69241 -4.82608 3.37489 0.0489672 1.80902 -9.55244 3.37633 0.058202 
-11413.9 7.82163 5.07648 -1.23736 -2.01504 3.38517 0.69241 -4.82608 3.37489 0.0489672 1.80902 -9.55244 3.37633 0.058202 
-11413.9 7.82163 5.07648 -1.23736 -2.01504 3.38517 0.69241 -4.82608 3.37489 0.0489672 1.80902 -9.55244 3.37633 0.058202 
-11413.9 7.82163 5.07648 -1.23736 -2.01504 3.38517 0.69241 -4.82608 3.37489 0.0489672 1.80902 -9.55244 3.37633 0.058202 
-11413.9 7.82163 5.07648 -1.23736 -2.01504 3.38517 0.69241 -4.82608 3.37489 0.0489672 1.80902 -9.55244 3.37633 0.058202 
-11413.9 7.82163 5.07648 -1.23736 -2.01504 3.38517 0.69241 -4.82608 3.37489 0.0489672 1.80902 -9.55244 3.37633 0.058202 
-11413.9 7.82163 5.07648 -1.23736 -2.01504 3.38517 0.69241 -4.82608 3.37489 0.0489672 1.80902 -9.55244 3.37633 0.058202 
-11413.9 7.82163 5.07648 -1.23736 -2.01504 3.38517 0.69241 -4.82608 3.37489 0.0489672 1.80902 -9.55244 3.37633 0.058202 
-11413.9 7.82163 5.07648 -1.23736 -2.01504 3.38517 0.69241 -4.82608 3.37489 0.0489672 1.80902 -9.55244 3.37633 0.058202 
-11413.9 7.82163 5.07648 -1.23736 -2.01504 3.38517 0.69241 -4.82608 3.37489 0.0489672 1.80902 -9.55244 3.37633 0.058202 
-11414.3 7.8217 5.07648 -1.23716 -2.01513 3.38516 0.692556 -4.82628 3.37489 0.0491772 1.80898 -9.55228 3.37633 0.0581139 
-11414.3 7.8217 5.07648 -1.23716 -2.01513 3.38516 0.692556 -4.82628 3.37489 0.0491772 1.80898 -9.55228 3.37633 0.0581139 
-11414.3 7.8217 5.07648 -1.23716 -2.01513 3.38516 0.692556 -4.82628 3.37489 0.0491772 1.80898 -9.55228 3.37633 0.0581139 
-11414.3 7.8217 5.07648 -1.23716 -2.01513 3.38516 0.692556 -4.82628 3.37489 0.0491772 1.80898 -9.55228 3.37633 0.0581139 
-11415.3 7.82187 5.07647 -1.23686 -2.01518 3.38514 0.692588 -4.82642 3.3749 0.0495126 1.80899 -9.55223 3.37633 0.0581616 
-11415.3 7.82187 5.07647 -1.23686 -2.01518 3.38514 0.692588 -4.82642 3.3749 0.0495126 1.80899 -9.55223 3.37633 0.0581616 
-11415.3 7.82187 5.07647 -1.23686 -2.01518 3.38514 0.692588 -4.82642 3.3749 0.0495126 1.80899 -9.55223 3.37633 0.0581616 
-11415.3 7.82187 5.07647 -1.23686 -2.01518 3.38514 0.692588 -4.82642 3.3749 0.0495126 1.80899 -9.55223 3.37633 0.0581616 
-11415.3 7.82187 5.07647 -1.23686 -2.01518 3.38514 0.692588 -4.82642 3.3749 0.0495126 1.80899 -9.55223 3.37633 0.0581616 
-11415.3 7.82187 5.07647 -1.23686 -2.01518 3.38514 0.692588 -4.82642 3.3749 0.0495126 1.80899 -9.55223 3.37633 0.0581616 
-11416.2 7.82207 5.07647 -1.23644 -2.01528 3.38512 0.6927 -4.82668 3.37491 0.0500046 1.80896 -9.5521 3.37634 0.0581359 
-11416.2 7.82207 5.07647 -1.23644 -2.01528 3.38512 0.6927 -4.82668 3.37491 0.0500046 1.80896 -9.5521 3.37634 0.0581359 
-11416.2 7.82207 5.07647 -1.23644 -2.01528 3.38512 0.6927 -4.82668 3.37491 0.0500046 1.80896 -9.5521 3.37634 0.0581359 
-11416.2 7.82207 5.07647 -1.23644 -2.01528 3.38512 0.6927 -4.82668 3.37491 0.0500046 1.80896 -9.5521 3.37634 0.0581359 
-11416.2 7.82207 5.07647 -1.23644 -2.01528 3.38512 0.6927 -4.82668 3.37491 0.0500046 1.80896 -9.5521 3.37634 0.0581359 
-11416.2 7.82207 5.07647 -1.23644 -2.01528 3.38512 0.6927 -4.82668 3.37491 0.0500046 1.80896 -9.5521 3.37634 0.0581359 
-11417.7 7.82236 5.07646 -1.23586 -2.01547 3.38508 0.692948 -4.82727 3.37492 0.0505932 1.80899 -9.5517 3.37635 0.0580012 
-11417.7 7.82236 5.07646 -1.23586 -2.01547 3.38508 0.692948 -4.82727 3.37492 0.0505932 1.80899 -9.5517 3.37635 0.0580012 
-11417.7 7.82236 5.07646 -1.23586 -2.01547 3.38508 0.692948 -4.82727 3.37492 0.0505932 1.80899 -9.5517 3.37635 0.0580012 
-11417.7 7.82236 5.07646 -1.23586 -2.01547 3.38508 0.692948 -4.82727 3.37492 0.0505932 1.80899 -9.5517 3.37635 0.0580012 
-11417.7 7.82236 5.07646 -1.23586 -2.01547 3.38508 0.692948 -4.82727 3.37492 0.0505932 1.80899 -9.5517 3.37635 0.0580012 
-11417.7 7.82236 5.07646 -1.23586 -2.01547 3.38508 0.692948 -4.82727 3.37492 0.0505932 1.80899 -9.5517 3.37635 0.0580012 
-11418.8 7.82275 5.07644 -1.23508 -2.01565 3.38504 0.693181 -4.82764 3.37493 0.0514983 1.80892 -9.55149 3.37636 0.0579934 
-11418.8 7.82275 5.07644 -1.23508 -2.01565 3.38504 0.693181 -4.82764 3.37493 0.0514983 1.80892 -9.55149 3.37636 0.0579934 
-11418.8 7.82275 5.07644 -1.23508 -2.01565 3.38504 0.693181 -4.82764 3.37493 0.0514983 1.80892 -9.55149 3.37636 0.0579934 
-11420.3 7.8229 5.07644 -1.23481 -2.01571 3.38502 0.6933 -4.82789 3.37494 0.0518366 1.80899 -9.55132 3.37637 0.0579746 
-11420.3 7.8229 5.07644 -1.23481 -2.01571 3.38502 0.6933 -4.82789 3.37494 0.0518366 1.80899 -9.55132 3.37637 0.0579746 
-11420.3 7.8229 5.07644 -1.23481 -2.01571 3.38502 0.6933 -4.82789 3.37494 0.0518366 1.80899 -9.55132 3.37637 0.0579746 
-11420.3 7.8229 5.07644 -1.23481 -2.01571 3.38502 0.6933 -4.82789 3.37494 0.0518366 1.80899 -9.55132 3.37637 0.0579746 
-11422 7.82338 5.07642 -1.23392 -2.01596 3.38497 0.693586 -4.82855 3.37496 0.0527057 1.80899 -9.55083 3.37639 0.0578547 
-11422 7.82338 5.07642 -1.23392 -2.01596 3.38497 0.693586 -4.82855 3.37496 0.0527057 1.80899 -9.55083 3.37639 0.0578547 
-11422 7.82338 5.07642 -1.23392 -2.01596 3.38497 0.693586 -4.82855 3.37496 0.0527057 1.80899 -9.55083 3.37639 0.0578547 
-11422 7.82338 5.07642 -1.23392 -2.01596 3.38497 0.693586 -4.82855 3.37496 0.0527057 1.80899 -9.55083 3.37639 0.0578547 
-11422 7.82338 5.07642 -1.23392 -2.01596 3.38497 0.693586 -4.82855 3.37496 0.0527057 1.80899 -9.55083 3.37639 0.0578547 
-11423.5 7.82391 5.0764 -1.2328 -2.01625 3.38491 0.693933 -4.82937 3.37498 0.0539842 1.80892 -9.55042 3.3764 0.0577507 
-11423.5 7.82391 5.0764 -1.2328 -2.01625 3.38491 0.693933 -4.82937 3.37498 0.0539842 1.80892 -9.55042 3.3764 0.0577507 
-11423.5 7.82391 5.0764 -1.2328 -2.01625 3.38491 0.693933 -4.82937 3.37498 0.0539842 1.80892 -9.55042 3.3764 0.0577507 
-11425.5 7.82446 5.07638 -1.23169 -2.01653 3.38484 0.694296 -4.83023 3.375 0.0551331 1.80893 -9.54988 3.37643 0.057633 
-11425.5 7.82446 5.07638 -1.23169 -2.01653 3.38484 0.694296 -4.83023 3.375 0.0551331 1.80893 -9.54988 3.37643 0.057633 
-11425.5 7.82446 5.07638 -1.23169 -2.01653 3.38484 0.694296 -4.83023 3.375 0.0551331 1.80893 -9.54988 3.37643 0.057633 
-11425.5 7.82446 5.07638 -1.23169 -2.01653 3.38484 0.694296 -4.83023 3.375 0.0551331 1.80893 -9.54988 3.37643 0.057633 
-11425.5 7.82446 5.07638 -1.23169 -2.01653 3.38484 0.694296 -4.83023 3.375 0.0551331 1.80893 -9.54988 3.37643 0.057633 
-11425.5 7.82446 5.07638 -1.23169 -2.01653 3.38484 0.694296 -4.83023 3.375 0.0551331 1.80893 -9.54988 3.37643 0.057633 
-11427.6 7.82558 5.07634 -1.22949 -2.01713 3.38471 0.695004 -4.83177 3.37505 0.0575173 1.80891 -9.54889 3.37646 0.0574225 
-11427.6 7.82558 5.07634 -1.22949 -2.01713 3.38471 0.695004 -4.83177 3.37505 0.0575173 1.80891 -9.54889 3.37646 0.0574225 
-11427.6 7.82558 5.07634 -1.22949 -2.01713 3.38471 0.695004 -4.83177 3.37505 0.0575173 1.80891 -9.54889 3.37646 0.0574225 
-11427.6 7.82558 5.07634 -1.22949 -2.01713 3.38471 0.695004 -4.83177 3.37505 0.0575173 1.80891 -9.54889 3.37646 0.0574225 
-11427.6 7.82558 5.07634 -1.22949 -2.01713 3.38471 0.695004 -4.83177 3.37505 0.0575173 1.80891 -9.54889 3.37646 0.0574225 
-11427.6 7.82558 5.07634 -1.22949 -2.01713 3.38471 0.695004 -4.83177 3.37505 0.0575173 1.80891 -9.54889 3.37646 0.0574225 
-11428.4 7.82675 5.07629 -1.22717 -2.01773 3.38457 0.695847 -4.83358 3.3751 0.0600816 1.80891 -9.54773 3.3765 0.0571251 
-11428.4 7.82675 5.07629 -1.22717 -2.01773 3.38457 0.695847 -4.83358 3.3751 0.0600816 1.80891 -9.54773 3.3765 0.0571251 
-11428.4 7.82675 5.07629 -1.22717 -2.01773 3.38457 0.695847 -4.83358 3.3751 0.0600816 1.80891 -9.54773 3.3765 0.0571251 
-11428.4 7.82675 5.07629 -1.22717 -2.01773 3.38457 0.695847 -4.83358 3.3751 0.0600816 1.80891 -9.54773 3.3765 0.0571251 
-11428.4 7.82675 5.07629 -1.22717 -2.01773 3.38457 0.695847 -4.83358 3.3751 0.0600816 1.80891 -9.54773 3.3765 0.0571251 
-11428.5 7.8269 5.07629 -1.22684 -2.01782 3.38456 0.695906 -4.83379 3.3751 0.0604253 1.80888 -9.54766 3.37651 0.0571298 
-11428.5 7.8269 5.07629 -1.22684 -2.01782 3.38456 0.695906 -4.83379 3.3751 0.0604253 1.80888 -9.54766 3.37651 0.0571298 
-11428.5 7.8269 5.07629 -1.22684 -2.01782 3.38456 0.695906 -4.83379 3.3751 0.0604253 1.80888 -9.54766 3.37651 0.0571298 
-11428.5 7.8269 5.07629 -1.22684 -2.01782 3.38456 0.695906 -4.83379 3.3751 0.0604253 1.80888 -9.54766 3.37651 0.0571298 
-11428.5 7.8269 5.07629 -1.22684 -2.01782 3.38456 0.695906 -4.83379 3.3751 0.0604253 1.80888 -9.54766 3.37651 0.0571298 
-11428.5 7.8269 5.07629 -1.22684 -2.01782 3.38456 0.695906 -4.83379 3.3751 0.0604253 1.80888 -9.54766 3.37651 0.0571298 
-11428.5 7.8269 5.07629 -1.22684 -2.01782 3.38456 0.695906 -4.83379 3.3751 0.0604253 1.80888 -9.54766 3.37651 0.0571298 
-11428.5 7.8269 5.07629 -1.22684 -2.01782 3.38456 0.695906 -4.83379 3.3751 0.0604253 1.80888 -9.54766 3.37651 0.0571298 
-11428.5 7.8269 5.07629 -1.22684 -2.01782 3.38456 0.695906 -4.83379 3.3751 0.0604253 1.80888 -9.54766 3.37651 0.0571298 
-11428.5 7.8269 5.07629 -1.22684 -2.01782 3.38456 0.695906 -4.83379 3.3751 0.0604253 1.80888 -9.54766 3.37651 0.0571298 
-11428.5 7.8269 5.07629 -1.22684 -2.01782 3.38456 0.695906 -4.83379 3.3751 0.0604253 1.80888 -9.54766 3.37651 0.0571298 
-11428.5 7.8269 5.07629 -1.22684 -2.01782 3.38456 0.695906 -4.83379 3.3751 0.0604253 1.80888 -9.54766 3.37651 0.0571298 
-11428.5 7.8269 5.07629 -1.22684 -2.01782 3.38456 0.695906 -4.83379 3.3751 0.0604253 1.80888 -9.54766 3.37651 0.0571298 
-11428.5 7.8269 5.07629 -1.22684 -2.01782 3.38456 0.695906 -4.83379 3.3751 0.0604253 1.80888 -9.54766 3.37651 0.0571298 
-11428.5 7.8269 5.07629 -1.22684 -2.01782 3.38456 0.695906 -4.83379 3.3751 0.0604253 1.80888 -9.54766 3.37651 0.0571298 
-11428.5 7.8269 5.07629 -1.22684 -2.01782 3.38456 0.695906 -4.83379 3.3751 0.0604253 1.80888 -9.54766 3.37651 0.0571298 
-11428.5 7.8269 5.07629 -1.22684 -2.01782 3.38456 0.695906 -4.83379 3.3751 0.0604253 1.80888 -9.54766 3.37651 0.0571298 
-11428.5 7.8269 5.07629 -1.22684 -2.01782 3.38456 0.695906 -4.83379 3.3751 0.0604253 1.80888 -9.54766 3.37651 0.0571298 
-11428.5 7.8269 5.07629 -1.22684 -2.01782 3.38456 0.695906 -4.83379 3.3751 0.0604253 1.80888 -9.54766 3.37651 0.0571298 
-11428.5 7.82658 5.0763 -1.2275 -2.01764 3.38459 0.695714 -4.83328 3.37509 0.0596847 1.80889 -9.54794 3.3765 0.0572016 
-11428.5 7.82658 5.0763 -1.2275 -2.01764 3.38459 0.695714 -4.83328 3.37509 0.0596847 1.80889 -9.54794 3.3765 0.0572016 
-11428.5 7.82658 5.0763 -1.2275 -2.01764 3.38459 0.695714 -4.83328 3.37509 0.0596847 1.80889 -9.54794 3.3765 0.0572016 
-11428.5 7.82658 5.0763 -1.2275 -2.01764 3.38459 0.695714 -4.83328 3.37509 0.0596847 1.80889 -9.54794 3.3765 0.0572016 
-11428.5 7.82658 5.0763 -1.2275 -2.01764 3.38459 0.695714 -4.83328 3.37509 0.0596847 1.80889 -9.54794 3.3765 0.0572016 
-11428.5 7.82658 5.0763 -1.2275 -2.01764 3.38459 0.695714 -4.83328 3.37509 0.0596847 1.80889 -9.54794 3.3765 0.0572016 
-11428.5 7.82658 5.0763 -1.2275 -2.01764 3.38459 0.695714 -4.83328 3.37509 0.0596847 1.80889 -9.54794 3.3765 0.0572016 
-11428.5 7.82658 5.0763 -1.2275 -2.01764 3.38459 0.695714 -4.83328 3.37509 0.0596847 1.80889 -9.54794 3.3765 0.0572016 
-11428.5 7.82658 5.0763 -1.2275 -2.01764 3.38459 0.695714 -4.83328 3.37509 0.0596847 1.80889 -9.54794 3.3765 0.0572016 
-11428.5 7.82658 5.0763 -1.2275 -2.01764 3.38459 0.695714 -4.83328 3.37509 0.0596847 1.80889 -9.54794 3.3765 0.0572016 
-11428.5 7.82658 5.0763 -1.2275 -2.01764 3.38459 0.695714 -4.83328 3.37509 0.0596847 1.80889 -9.54794 3.3765 0.0572016 
-11428.5 7.82691 5.07629 -1.22685 -2.01781 3.38456 0.695936 -4.8338 3.3751 0.0604075 1.8089 -9.54762 3.37651 0.0571221 
-11428.5 7.82691 5.07629 -1.22685 -2.01781 3.38456 0.695936 -4.8338 3.3751 0.0604075 1.8089 -9.54762 3.37651 0.0571221 
-11428.5 7.82691 5.07629 -1.22685 -2.01781 3.38456 0.695936 -4.8338 3.3751 0.0604075 1.8089 -9.54762 3.37651 0.0571221 
-11428.5 7.82691 5.07629 -1.22685 -2.01781 3.38456 0.695936 -4.8338 3.3751 0.0604075 1.8089 -9.54762 3.37651 0.0571221 
-11428.5 7.82657 5.0763 -1.22752 -2.01764 3.3846 0.695708 -4.83329 3.37509 0.0596776 1.8089 -9.54794 3.3765 0.0571987 
-11428.5 7.82657 5.0763 -1.22752 -2.01764 3.3846 0.695708 -4.83329 3.37509 0.0596776 1.8089 -9.54794 3.3765 0.0571987 
-11428.5 7.82657 5.0763 -1.22752 -2.01764 3.3846 0.695708 -4.83329 3.37509 0.0596776 1.8089 -9.54794 3.3765 0.0571987 
-11428.5 7.82657 5.0763 -1.22752 -2.01764 3.3846 0.695708 -4.83329 3.37509 0.0596776 1.8089 -9.54794 3.3765 0.0571987 
-11428.5 7.8269 5.07629 -1.22687 -2.01781 3.38456 0.695916 -4.83376 3.3751 0.0603798 1.8089 -9.54765 3.37651 0.0571386 
-11428.5 7.8269 5.07629 -1.22687 -2.01781 3.38456 0.695916 -4.83376 3.3751 0.0603798 1.8089 -9.54765 3.37651 0.0571386 
-11428.5 7.8269 5.07629 -1.22687 -2.01781 3.38456 0.695916 -4.83376 3.3751 0.0603798 1.8089 -9.54765 3.37651 0.0571386 
-11428.5 7.8269 5.07629 -1.22687 -2.01781 3.38456 0.695916 -4.83376 3.3751 0.0603798 1.8089 -9.54765 3.37651 0.0571386 
-11428.5 7.8269 5.07629 -1.22687 -2.01781 3.38456 0.695916 -4.83376 3.3751 0.0603798 1.8089 -9.54765 3.37651 0.0571386 
-11428.5 7.8269 5.07629 -1.22687 -2.01781 3.38456 0.695916 -4.83376 3.3751 0.0603798 1.8089 -9.54765 3.37651 0.0571386 
-11428.5 7.8269 5.07629 -1.22687 -2.01781 3.38456 0.695916 -4.83376 3.3751 0.0603798 1.8089 -9.54765 3.37651 0.0571386 
-11428.5 7.8269 5.07629 -1.22687 -2.01781 3.38456 0.695916 -4.83376 3.3751 0.0603798 1.8089 -9.54765 3.37651 0.0571386 
-11428.5 7.8269 5.07629 -1.22687 -2.01781 3.38456 0.695916 -4.83376 3.3751 0.0603798 1.8089 -9.54765 3.37651 0.0571386 
-11428.5 7.8269 5.07629 -1.22687 -2.01781 3.38456 0.695916 -4.83376 3.3751 0.0603798 1.8089 -9.54765 3.37651 0.0571386 
-11428.5 7.8269 5.07629 -1.22687 -2.01781 3.38456 0.695916 -4.83376 3.3751 0.0603798 1.8089 -9.54765 3.37651 0.0571386 
-11428.5 7.8269 5.07629 -1.22687 -2.01781 3.38456 0.695916 -4.83376 3.3751 0.0603798 1.8089 -9.54765 3.37651 0.0571386 
-11428.5 7.8269 5.07629 -1.22687 -2.01781 3.38456 0.695916 -4.83376 3.3751 0.0603798 1.8089 -9.54765 3.37651 0.0571386 
-11428.5 7.82689 5.07629 -1.22689 -2.0178 3.38456 0.695907 -4.83374 3.3751 0.0603488 1.8089 -9.54766 3.37651 0.0571401 
-11428.5 7.82689 5.07629 -1.22689 -2.0178 3.38456 0.695907 -4.83374 3.3751 0.0603488 1.8089 -9.54766 3.37651 0.0571401 
-11428.5 7.82689 5.07629 -1.22689 -2.0178 3.38456 0.695907 -4.83374 3.3751 0.0603488 1.8089 -9.54766 3.37651 0.0571401 
-11428.5 7.82689 5.07629 -1.22689 -2.0178 3.38456 0.695907 -4.83374 3.3751 0.0603488 1.8089 -9.54766 3.37651 0.0571401 
-11428.5 7.82689 5.07629 -1.2269 -2.0178 3.38456 0.695905 -4.83374 3.3751 0.0603435 1.8089 -9.54766 3.37651 0.0571415 
-11428.5 7.82689 5.07629 -1.2269 -2.0178 3.38456 0.695905 -4.83374 3.3751 0.0603435 1.8089 -9.54766 3.37651 0.0571415 
-11428.5 7.82689 5.07629 -1.2269 -2.0178 3.38456 0.695905 -4.83374 3.3751 0.0603435 1.8089 -9.54766 3.37651 0.0571415 
-11428.5 7.82689 5.07629 -1.2269 -2.0178 3.38456 0.695905 -4.83374 3.3751 0.0603435 1.8089 -9.54766 3.37651 0.0571415 
-11428.5 7.82689 5.07629 -1.2269 -2.0178 3.38456 0.695905 -4.83374 3.3751 0.0603435 1.8089 -9.54766 3.37651 0.0571415 
-11428.5 7.82689 5.07629 -1.2269 -2.0178 3.38456 0.695905 -4.83374 3.3751 0.0603435 1.8089 -9.54766 3.37651 0.0571415 
-11428.5 7.82689 5.07629 -1.2269 -2.0178 3.38456 0.695905 -4.83374 3.3751 0.0603435 1.8089 -9.54766 3.37651 0.0571415 
-11428.5 7.82689 5.07629 -1.2269 -2.0178 3.38456 0.695905 -4.83374 3.3751 0.0603435 1.8089 -9.54766 3.37651 0.0571415 
-11428.5 7.82689 5.07629 -1.2269 -2.0178 3.38456 0.695905 -4.83374 3.3751 0.0603435 1.8089 -9.54766 3.37651 0.0571415 
-11428.5 7.82689 5.07629 -1.2269 -2.0178 3.38456 0.695905 -4.83374 3.3751 0.0603435 1.8089 -9.54766 3.37651 0.0571415 
-11428.5 7.82689 5.07629 -1.2269 -2.0178 3.38456 0.695905 -4.83374 3.3751 0.0603435 1.8089 -9.54766 3.37651 0.0571415 
-11428.5 7.82689 5.07629 -1.2269 -2.0178 3.38456 0.695905 -4.83374 3.3751 0.0603435 1.8089 -9.54766 3.37651 0.0571415 
-11428.5 7.82689 5.07629 -1.2269 -2.0178 3.38456 0.695905 -4.83374 3.3751 0.0603435 1.8089 -9.54766 3.37651 0.0571415 
-11428.5 7.82689 5.07629 -1.2269 -2.0178 3.38456 0.695905 -4.83374 3.3751 0.0603435 1.8089 -9.54766 3.37651 0.0571415 
-11428.5 7.82689 5.07629 -1.2269 -2.0178 3.38456 0.695905 -4.83374 3.3751 0.0603435 1.8089 -9.54766 3.37651 0.0571415 
-11428.5 7.82689 5.07629 -1.2269 -2.0178 3.38456 0.695905 -4.83374 3.3751 0.0603435 1.8089 -9.54766 3.37651 0.0571415 
-11428.5 7.82689 5.07629 -1.2269 -2.0178 3.38456 0.695905 -4.83374 3.3751 0.0603435 1.8089 -9.54766 3.37651 0.0571415 
-11428.5 7.82689 5.07629 -1.2269 -2.0178 3.38456 0.695905 -4.83374 3.3751 0.0603435 1.8089 -9.54766 3.37651 0.0571415 
-11428.5 7.82689 5.07629 -1.2269 -2.0178 3.38456 0.695905 -4.83374 3.3751 0.0603435 1.8089 -9.54766 3.37651 0.0571415 
