-11122.6 8.03871 5.05486 -0.922789 -2.1825 3.38706 0.00616206 2.91471 2.50797 0.113003 
-11122.6 8.03871 5.05486 -0.922789 -2.1825 3.38706 0.00616206 2.91471 2.50797 0.113003 
-11122.6 8.03871 5.05486 -0.922789 -2.1825 3.38706 0.00616206 2.91471 2.50797 0.113003 
-11122.6 8.03871 5.05486 -0.922789 -2.1825 3.38706 0.00616206 2.91471 2.50797 0.113003 
-11122.6 8.03871 5.05486 -0.922789 -2.1825 3.38706 0.00616206 2.91471 2.50797 0.113003 
-11122.6 8.03871 5.05486 -0.922789 -2.1825 3.38706 0.00616206 2.91471 2.50797 0.113003 
-11122.6 8.03871 5.05486 -0.922789 -2.1825 3.38706 0.00616206 2.91471 2.50797 0.113003 
-11122.6 8.03871 5.05486 -0.922789 -2.1825 3.38706 0.00616206 2.91471 2.50797 0.113003 
-11122.6 8.03871 5.05486 -0.922789 -2.1825 3.38706 0.00616206 2.91471 2.50797 0.113003 
-11122.6 8.03871 5.05486 -0.922789 -2.1825 3.38706 0.00616206 2.91471 2.50797 0.113003 
-11122.6 8.03871 5.05486 -0.922789 -2.1825 3.38706 0.00616206 2.91471 2.50797 0.113003 
-11122.6 8.03871 5.05486 -0.922789 -2.1825 3.38706 0.00616206 2.91471 2.50797 0.113003 
-11122.6 8.03871 5.05486 -0.922789 -2.1825 3.38706 0.00616206 2.91471 2.50797 0.113003 
-11122.6 8.03871 5.05486 -0.922789 -2.1825 3.38706 0.00616206 2.91471 2.50797 0.113003 
-11122.6 8.03871 5.05486 -0.922789 -2.1825 3.38706 0.00616206 2.91471 2.50797 0.113003 
-11122.6 8.03871 5.05486 -0.922789 -2.1825 3.38706 0.00616206 2.91471 2.50797 0.113003 
-11122.6 8.03871 5.05486 -0.922789 -2.1825 3.38706 0.00616206 2.91471 2.50797 0.113003 
-11122.6 8.03871 5.05486 -0.922789 -2.1825 3.38706 0.00616206 2.91471 2.50797 0.113003 
-11122.6 8.03871 5.05486 -0.922789 -2.1825 3.38706 0.00616206 2.91471 2.50797 0.113003 
-11122.6 8.03871 5.05486 -0.922789 -2.1825 3.38706 0.00616206 2.91471 2.50797 0.113003 
-11122.6 8.03871 5.05486 -0.922789 -2.1825 3.38706 0.00616206 2.91471 2.50797 0.113003 
-11122.6 8.03871 5.05486 -0.922789 -2.1825 3.38706 0.00616206 2.91471 2.50797 0.113003 
-11122.6 8.03871 5.05486 -0.922789 -2.1825 3.38706 0.00616206 2.91471 2.50797 0.113003 
-11122.6 8.03871 5.05486 -0.922789 -2.1825 3.38706 0.00616206 2.91471 2.50797 0.113003 
-11123.1 7.74543 5.05827 -1.01881 -2.08929 3.38691 0.0244053 2.73888 2.66665 0.089169 
-11123.1 7.74543 5.05827 -1.01881 -2.08929 3.38691 0.0244053 2.73888 2.66665 0.089169 
-11123.1 7.74543 5.05827 -1.01881 -2.08929 3.38691 0.0244053 2.73888 2.66665 0.089169 
-11123.1 7.74543 5.05827 -1.01881 -2.08929 3.38691 0.0244053 2.73888 2.66665 0.089169 
-11123.1 7.74543 5.05827 -1.01881 -2.08929 3.38691 0.0244053 2.73888 2.66665 0.089169 
-11138 7.75513 5.05747 -1.03953 -2.08385 3.38653 -0.00796531 2.75409 2.57029 0.109328 
-11141.9 7.80563 5.057 -1.06173 -2.06267 3.38563 -0.00191005 2.70305 2.58324 0.0863406 
-11145.7 7.82588 5.05732 -1.02632 -2.0255 3.38585 0.0179077 2.83199 2.57279 0.0961019 
-11145.7 7.82588 5.05732 -1.02632 -2.0255 3.38585 0.0179077 2.83199 2.57279 0.0961019 
-11145.7 7.82588 5.05732 -1.02632 -2.0255 3.38585 0.0179077 2.83199 2.57279 0.0961019 
-11147.2 7.8493 5.05663 -1.01827 -2.15513 3.38575 -0.000707842 2.76742 2.54778 0.146467 
-11153.1 7.78701 5.05785 -1.02324 -2.09552 3.38635 0.00625873 2.76709 2.5579 0.102942 
-11156.6 7.8838 5.05622 -1.06961 -2.034 3.38641 0.114704 2.77936 2.59667 0.00126371 
-11156.6 7.8838 5.05622 -1.06961 -2.034 3.38641 0.114704 2.77936 2.59667 0.00126371 
-11157.2 7.85923 5.05699 -1.00529 -2.10861 3.38623 0.02295 2.78561 2.55726 0.137147 
-11157.2 7.85923 5.05699 -1.00529 -2.10861 3.38623 0.02295 2.78561 2.55726 0.137147 
-11159.8 7.78691 5.05763 -1.02233 -2.08774 3.38653 0.0237894 2.75894 2.61577 0.0940762 
-11159.8 7.78691 5.05763 -1.02233 -2.08774 3.38653 0.0237894 2.75894 2.61577 0.0940762 
-11162.5 7.88108 5.05692 -0.974267 -2.11654 3.38668 0.0693755 2.87868 2.55363 0.107994 
-11162.5 7.88108 5.05692 -0.974267 -2.11654 3.38668 0.0693755 2.87868 2.55363 0.107994 
-11167 7.87711 5.05673 -1.0097 -2.09926 3.38605 0.0503894 2.79803 2.56742 0.0927373 
-11167 7.87711 5.05673 -1.0097 -2.09926 3.38605 0.0503894 2.79803 2.56742 0.0927373 
-11168.6 7.92386 5.05582 -0.993183 -2.10613 3.3865 0.0976329 2.83093 2.5812 0.0778364 
-11177 7.78727 5.05757 -1.04344 -2.06392 3.3862 0.107034 2.75458 2.60424 0.0696107 
-11177 7.78727 5.05757 -1.04344 -2.06392 3.3862 0.107034 2.75458 2.60424 0.0696107 
-11177 7.78727 5.05757 -1.04344 -2.06392 3.3862 0.107034 2.75458 2.60424 0.0696107 
-11177 7.78727 5.05757 -1.04344 -2.06392 3.3862 0.107034 2.75458 2.60424 0.0696107 
-11177 7.78727 5.05757 -1.04344 -2.06392 3.3862 0.107034 2.75458 2.60424 0.0696107 
-11177 7.78727 5.05757 -1.04344 -2.06392 3.3862 0.107034 2.75458 2.60424 0.0696107 
-11177.8 7.83816 5.05652 -1.05701 -2.03965 3.38603 0.114922 2.73887 2.60518 0.0215929 
-11177.8 7.83816 5.05652 -1.05701 -2.03965 3.38603 0.114922 2.73887 2.60518 0.0215929 
-11177.8 7.83816 5.05652 -1.05701 -2.03965 3.38603 0.114922 2.73887 2.60518 0.0215929 
-11177.8 7.83816 5.05652 -1.05701 -2.03965 3.38603 0.114922 2.73887 2.60518 0.0215929 
-11181.7 7.88632 5.05621 -1.01168 -2.09252 3.38639 0.105018 2.80682 2.58363 0.064048 
-11181.7 7.88632 5.05621 -1.01168 -2.09252 3.38639 0.105018 2.80682 2.58363 0.064048 
-11191.5 7.95528 5.05514 -1.07342 -2.05863 3.38631 0.240894 2.76228 2.61825 -0.0330868 
-11191.5 7.95528 5.05514 -1.07342 -2.05863 3.38631 0.240894 2.76228 2.61825 -0.0330868 
-11201.4 7.87511 5.05577 -1.03405 -2.09761 3.38609 0.227879 2.74255 2.59019 0.0290145 
-11201.4 7.87511 5.05577 -1.03405 -2.09761 3.38609 0.227879 2.74255 2.59019 0.0290145 
-11201.4 7.87511 5.05577 -1.03405 -2.09761 3.38609 0.227879 2.74255 2.59019 0.0290145 
-11201.4 7.87511 5.05577 -1.03405 -2.09761 3.38609 0.227879 2.74255 2.59019 0.0290145 
-11201.4 7.87511 5.05577 -1.03405 -2.09761 3.38609 0.227879 2.74255 2.59019 0.0290145 
-11201.4 7.87511 5.05577 -1.03405 -2.09761 3.38609 0.227879 2.74255 2.59019 0.0290145 
-11218.1 8.02872 5.05328 -1.08038 -2.07239 3.38613 0.303765 2.69541 2.63991 -0.085968 
-11218.1 8.02872 5.05328 -1.08038 -2.07239 3.38613 0.303765 2.69541 2.63991 -0.085968 
-11218.1 8.02872 5.05328 -1.08038 -2.07239 3.38613 0.303765 2.69541 2.63991 -0.085968 
-11218.1 8.02872 5.05328 -1.08038 -2.07239 3.38613 0.303765 2.69541 2.63991 -0.085968 
-11218.1 8.02872 5.05328 -1.08038 -2.07239 3.38613 0.303765 2.69541 2.63991 -0.085968 
-11218.1 8.02872 5.05328 -1.08038 -2.07239 3.38613 0.303765 2.69541 2.63991 -0.085968 
-11218.1 8.02872 5.05328 -1.08038 -2.07239 3.38613 0.303765 2.69541 2.63991 -0.085968 
-11218.1 8.02872 5.05328 -1.08038 -2.07239 3.38613 0.303765 2.69541 2.63991 -0.085968 
-11220 8.01029 5.0533 -1.03709 -2.08526 3.38611 0.415058 2.71654 2.63474 -0.0705422 
-11223.3 8.24328 5.04976 -1.03486 -2.21014 3.38641 0.564085 2.72616 2.60524 -0.149751 
-11232.3 8.34237 5.04901 -1.1054 -2.07025 3.38664 0.624209 2.73885 2.69637 -0.27635 
-11232.3 8.34237 5.04901 -1.1054 -2.07025 3.38664 0.624209 2.73885 2.69637 -0.27635 
-11232.3 8.34237 5.04901 -1.1054 -2.07025 3.38664 0.624209 2.73885 2.69637 -0.27635 
-11232.3 8.34237 5.04901 -1.1054 -2.07025 3.38664 0.624209 2.73885 2.69637 -0.27635 
-11236.3 8.27437 5.04933 -1.08116 -2.08491 3.38594 0.610097 2.71937 2.65119 -0.231807 
-11236.3 8.27437 5.04933 -1.08116 -2.08491 3.38594 0.610097 2.71937 2.65119 -0.231807 
-11236.3 8.27437 5.04933 -1.08116 -2.08491 3.38594 0.610097 2.71937 2.65119 -0.231807 
-11236.3 8.27437 5.04933 -1.08116 -2.08491 3.38594 0.610097 2.71937 2.65119 -0.231807 
-11236.3 8.27437 5.04933 -1.08116 -2.08491 3.38594 0.610097 2.71937 2.65119 -0.231807 
-11236.3 8.27437 5.04933 -1.08116 -2.08491 3.38594 0.610097 2.71937 2.65119 -0.231807 
-11239.5 8.26258 5.04959 -1.12979 -2.00863 3.38606 0.636713 2.68936 2.74123 -0.292433 
-11239.5 8.26258 5.04959 -1.12979 -2.00863 3.38606 0.636713 2.68936 2.74123 -0.292433 
-11239.5 8.26258 5.04959 -1.12979 -2.00863 3.38606 0.636713 2.68936 2.74123 -0.292433 
-11239.5 8.26258 5.04959 -1.12979 -2.00863 3.38606 0.636713 2.68936 2.74123 -0.292433 
-11239.5 8.26258 5.04959 -1.12979 -2.00863 3.38606 0.636713 2.68936 2.74123 -0.292433 
-11239.5 8.26258 5.04959 -1.12979 -2.00863 3.38606 0.636713 2.68936 2.74123 -0.292433 
-11239.5 8.31062 5.04886 -1.11164 -2.06026 3.38608 0.675554 2.71583 2.69405 -0.272647 
-11239.5 8.31062 5.04886 -1.11164 -2.06026 3.38608 0.675554 2.71583 2.69405 -0.272647 
-11239.5 8.31062 5.04886 -1.11164 -2.06026 3.38608 0.675554 2.71583 2.69405 -0.272647 
-11240.5 8.35033 5.04917 -1.11292 -2.02909 3.3861 0.623711 2.77819 2.68559 -0.280733 
-11243.1 8.65116 5.04402 -1.1825 -1.96922 3.38644 0.948657 2.73595 2.77405 -0.540193 
-11243.1 8.65116 5.04402 -1.1825 -1.96922 3.38644 0.948657 2.73595 2.77405 -0.540193 
-11243.1 8.65116 5.04402 -1.1825 -1.96922 3.38644 0.948657 2.73595 2.77405 -0.540193 
-11243.1 8.65116 5.04402 -1.1825 -1.96922 3.38644 0.948657 2.73595 2.77405 -0.540193 
-11243.1 8.65116 5.04402 -1.1825 -1.96922 3.38644 0.948657 2.73595 2.77405 -0.540193 
-11243.1 8.65116 5.04402 -1.1825 -1.96922 3.38644 0.948657 2.73595 2.77405 -0.540193 
-11243.1 8.65116 5.04402 -1.1825 -1.96922 3.38644 0.948657 2.73595 2.77405 -0.540193 
-11243.1 8.65116 5.04402 -1.1825 -1.96922 3.38644 0.948657 2.73595 2.77405 -0.540193 
-11243.3 8.48862 5.04669 -1.12772 -2.02412 3.3864 0.862182 2.76196 2.74192 -0.403598 
-11243.3 8.48862 5.04669 -1.12772 -2.02412 3.3864 0.862182 2.76196 2.74192 -0.403598 
-11243.3 8.48862 5.04669 -1.12772 -2.02412 3.3864 0.862182 2.76196 2.74192 -0.403598 
-11243.3 8.48862 5.04669 -1.12772 -2.02412 3.3864 0.862182 2.76196 2.74192 -0.403598 
-11243.3 8.48862 5.04669 -1.12772 -2.02412 3.3864 0.862182 2.76196 2.74192 -0.403598 
-11243.3 8.48862 5.04669 -1.12772 -2.02412 3.3864 0.862182 2.76196 2.74192 -0.403598 
-11243.3 8.48862 5.04669 -1.12772 -2.02412 3.3864 0.862182 2.76196 2.74192 -0.403598 
-11243.8 8.63527 5.04468 -1.1679 -1.95787 3.38638 0.94403 2.79687 2.76453 -0.512862 
-11244.2 8.57566 5.04545 -1.17532 -1.9778 3.38631 0.8995 2.74026 2.76756 -0.47867 
-11244.2 8.57566 5.04545 -1.17532 -1.9778 3.38631 0.8995 2.74026 2.76756 -0.47867 
-11244.2 8.57566 5.04545 -1.17532 -1.9778 3.38631 0.8995 2.74026 2.76756 -0.47867 
-11244.2 8.57566 5.04545 -1.17532 -1.9778 3.38631 0.8995 2.74026 2.76756 -0.47867 
-11244.2 8.57566 5.04545 -1.17532 -1.9778 3.38631 0.8995 2.74026 2.76756 -0.47867 
-11244.2 8.57566 5.04545 -1.17532 -1.9778 3.38631 0.8995 2.74026 2.76756 -0.47867 
-11244.2 8.57566 5.04545 -1.17532 -1.9778 3.38631 0.8995 2.74026 2.76756 -0.47867 
-11244.2 8.57566 5.04545 -1.17532 -1.9778 3.38631 0.8995 2.74026 2.76756 -0.47867 
-11244.3 8.61451 5.04488 -1.17375 -1.9615 3.38636 0.945464 2.7594 2.77614 -0.51415 
-11244.3 8.61451 5.04488 -1.17375 -1.9615 3.38636 0.945464 2.7594 2.77614 -0.51415 
-11244.3 8.61451 5.04488 -1.17375 -1.9615 3.38636 0.945464 2.7594 2.77614 -0.51415 
-11244.3 8.61451 5.04488 -1.17375 -1.9615 3.38636 0.945464 2.7594 2.77614 -0.51415 
-11244.3 8.61451 5.04488 -1.17375 -1.9615 3.38636 0.945464 2.7594 2.77614 -0.51415 
-11244.6 8.53099 5.04625 -1.14592 -1.99226 3.38629 0.868075 2.77603 2.74748 -0.431715 
-11244.6 8.53099 5.04625 -1.14592 -1.99226 3.38629 0.868075 2.77603 2.74748 -0.431715 
-11245.1 8.53432 5.04598 -1.14894 -1.99746 3.38625 0.881408 2.75736 2.7466 -0.438569 
-11245.1 8.53432 5.04598 -1.14894 -1.99746 3.38625 0.881408 2.75736 2.7466 -0.438569 
-11245.1 8.53432 5.04598 -1.14894 -1.99746 3.38625 0.881408 2.75736 2.7466 -0.438569 
-11245.1 8.53432 5.04598 -1.14894 -1.99746 3.38625 0.881408 2.75736 2.7466 -0.438569 
-11245.1 8.53432 5.04598 -1.14894 -1.99746 3.38625 0.881408 2.75736 2.7466 -0.438569 
-11245.1 8.53432 5.04598 -1.14894 -1.99746 3.38625 0.881408 2.75736 2.7466 -0.438569 
-11245.1 8.53432 5.04598 -1.14894 -1.99746 3.38625 0.881408 2.75736 2.7466 -0.438569 
-11245.1 8.53432 5.04598 -1.14894 -1.99746 3.38625 0.881408 2.75736 2.7466 -0.438569 
-11245.1 8.53432 5.04598 -1.14894 -1.99746 3.38625 0.881408 2.75736 2.7466 -0.438569 
-11245.1 8.53432 5.04598 -1.14894 -1.99746 3.38625 0.881408 2.75736 2.7466 -0.438569 
-11245.1 8.53432 5.04598 -1.14894 -1.99746 3.38625 0.881408 2.75736 2.7466 -0.438569 
-11245.1 8.53683 5.04592 -1.15151 -2.00336 3.38629 0.89168 2.73958 2.75447 -0.444128 
-11245.1 8.53683 5.04592 -1.15151 -2.00336 3.38629 0.89168 2.73958 2.75447 -0.444128 
-11245.1 8.53683 5.04592 -1.15151 -2.00336 3.38629 0.89168 2.73958 2.75447 -0.444128 
-11245.1 8.53683 5.04592 -1.15151 -2.00336 3.38629 0.89168 2.73958 2.75447 -0.444128 
-11245.1 8.53683 5.04592 -1.15151 -2.00336 3.38629 0.89168 2.73958 2.75447 -0.444128 
-11245.2 8.54258 5.04587 -1.15888 -1.98807 3.38628 0.886668 2.74741 2.76015 -0.453023 
-11245.2 8.54258 5.04587 -1.15888 -1.98807 3.38628 0.886668 2.74741 2.76015 -0.453023 
-11245.2 8.54258 5.04587 -1.15888 -1.98807 3.38628 0.886668 2.74741 2.76015 -0.453023 
-11245.2 8.54258 5.04587 -1.15888 -1.98807 3.38628 0.886668 2.74741 2.76015 -0.453023 
-11245.2 8.54258 5.04587 -1.15888 -1.98807 3.38628 0.886668 2.74741 2.76015 -0.453023 
-11245.2 8.54258 5.04587 -1.15888 -1.98807 3.38628 0.886668 2.74741 2.76015 -0.453023 
-11245.2 8.54258 5.04587 -1.15888 -1.98807 3.38628 0.886668 2.74741 2.76015 -0.453023 
-11245.2 8.54258 5.04587 -1.15888 -1.98807 3.38628 0.886668 2.74741 2.76015 -0.453023 
-11245.2 8.54258 5.04587 -1.15888 -1.98807 3.38628 0.886668 2.74741 2.76015 -0.453023 
-11245.2 8.54258 5.04587 -1.15888 -1.98807 3.38628 0.886668 2.74741 2.76015 -0.453023 
-11245.2 8.54258 5.04587 -1.15888 -1.98807 3.38628 0.886668 2.74741 2.76015 -0.453023 
-11245.2 8.54258 5.04587 -1.15888 -1.98807 3.38628 0.886668 2.74741 2.76015 -0.453023 
-11245.3 8.54005 5.04587 -1.15542 -1.99798 3.38628 0.889756 2.74111 2.75715 -0.448359 
-11245.3 8.55839 5.04561 -1.16285 -1.9887 3.38628 0.898234 2.73901 2.76195 -0.464206 
-11245.3 8.55839 5.04561 -1.16285 -1.9887 3.38628 0.898234 2.73901 2.76195 -0.464206 
-11245.3 8.55839 5.04561 -1.16285 -1.9887 3.38628 0.898234 2.73901 2.76195 -0.464206 
-11245.3 8.55839 5.04561 -1.16285 -1.9887 3.38628 0.898234 2.73901 2.76195 -0.464206 
-11245.3 8.55372 5.0457 -1.15969 -1.99091 3.38629 0.899429 2.74357 2.76125 -0.460306 
-11245.3 8.55245 5.04569 -1.15887 -1.99171 3.38629 0.895316 2.74359 2.76016 -0.458976 
-11245.3 8.55245 5.04569 -1.15887 -1.99171 3.38629 0.895316 2.74359 2.76016 -0.458976 
-11245.3 8.55245 5.04569 -1.15887 -1.99171 3.38629 0.895316 2.74359 2.76016 -0.458976 
-11245.3 8.55245 5.04569 -1.15887 -1.99171 3.38629 0.895316 2.74359 2.76016 -0.458976 
-11245.3 8.55245 5.04569 -1.15887 -1.99171 3.38629 0.895316 2.74359 2.76016 -0.458976 
-11245.3 8.55245 5.04569 -1.15887 -1.99171 3.38629 0.895316 2.74359 2.76016 -0.458976 
-11245.3 8.55245 5.04569 -1.15887 -1.99171 3.38629 0.895316 2.74359 2.76016 -0.458976 
-11245.3 8.55245 5.04569 -1.15887 -1.99171 3.38629 0.895316 2.74359 2.76016 -0.458976 
-11245.3 8.55245 5.04569 -1.15887 -1.99171 3.38629 0.895316 2.74359 2.76016 -0.458976 
-11245.3 8.55012 5.04575 -1.15817 -1.99287 3.38629 0.894927 2.744 2.75859 -0.45609 
-11245.3 8.55012 5.04575 -1.15817 -1.99287 3.38629 0.894927 2.744 2.75859 -0.45609 
-11245.3 8.55012 5.04575 -1.15817 -1.99287 3.38629 0.894927 2.744 2.75859 -0.45609 
-11245.3 8.55012 5.04575 -1.15817 -1.99287 3.38629 0.894927 2.744 2.75859 -0.45609 
-11245.4 8.55192 5.04573 -1.15893 -1.99189 3.38629 0.897178 2.74378 2.75992 -0.458198 
-11245.4 8.55192 5.04573 -1.15893 -1.99189 3.38629 0.897178 2.74378 2.75992 -0.458198 
-11245.4 8.55192 5.04573 -1.15893 -1.99189 3.38629 0.897178 2.74378 2.75992 -0.458198 
-11245.4 8.55192 5.04573 -1.15893 -1.99189 3.38629 0.897178 2.74378 2.75992 -0.458198 
-11245.4 8.55192 5.04573 -1.15893 -1.99189 3.38629 0.897178 2.74378 2.75992 -0.458198 
-11245.4 8.55215 5.04573 -1.1589 -1.99167 3.38629 0.896034 2.74484 2.75918 -0.457757 
-11245.4 8.55215 5.04573 -1.1589 -1.99167 3.38629 0.896034 2.74484 2.75918 -0.457757 
-11245.4 8.55215 5.04573 -1.1589 -1.99167 3.38629 0.896034 2.74484 2.75918 -0.457757 
-11245.4 8.55215 5.04573 -1.1589 -1.99167 3.38629 0.896034 2.74484 2.75918 -0.457757 
-11245.4 8.55215 5.04573 -1.1589 -1.99167 3.38629 0.896034 2.74484 2.75918 -0.457757 
-11245.4 8.55215 5.04573 -1.1589 -1.99167 3.38629 0.896034 2.74484 2.75918 -0.457757 
-11245.4 8.55215 5.04573 -1.1589 -1.99167 3.38629 0.896034 2.74484 2.75918 -0.457757 
-11245.4 8.55215 5.04573 -1.1589 -1.99167 3.38629 0.896034 2.74484 2.75918 -0.457757 
-11245.4 8.55215 5.04573 -1.1589 -1.99167 3.38629 0.896034 2.74484 2.75918 -0.457757 
-11245.4 8.55215 5.04573 -1.1589 -1.99167 3.38629 0.896034 2.74484 2.75918 -0.457757 
-11245.4 8.55173 5.04574 -1.15874 -1.99167 3.38629 0.895736 2.74517 2.7591 -0.45743 
-11245.4 8.55173 5.04574 -1.15874 -1.99167 3.38629 0.895736 2.74517 2.7591 -0.45743 
-11245.4 8.55173 5.04574 -1.15874 -1.99167 3.38629 0.895736 2.74517 2.7591 -0.45743 
-11245.4 8.55173 5.04574 -1.15874 -1.99167 3.38629 0.895736 2.74517 2.7591 -0.45743 
-11245.4 8.55173 5.04574 -1.15874 -1.99167 3.38629 0.895736 2.74517 2.7591 -0.45743 
-11245.4 8.55173 5.04574 -1.15874 -1.99167 3.38629 0.895736 2.74517 2.7591 -0.45743 
-11245.4 8.55173 5.04574 -1.15874 -1.99167 3.38629 0.895736 2.74517 2.7591 -0.45743 
-11245.4 8.55173 5.04574 -1.15874 -1.99167 3.38629 0.895736 2.74517 2.7591 -0.45743 
-11245.4 8.55173 5.04574 -1.15874 -1.99167 3.38629 0.895736 2.74517 2.7591 -0.45743 
-11245.4 8.55173 5.04574 -1.15874 -1.99167 3.38629 0.895736 2.74517 2.7591 -0.45743 
-11245.4 8.55173 5.04574 -1.15874 -1.99167 3.38629 0.895736 2.74517 2.7591 -0.45743 
-11245.4 8.55176 5.04574 -1.15874 -1.99166 3.38629 0.895677 2.74522 2.75908 -0.457426 
-11245.4 8.55176 5.04574 -1.15874 -1.99166 3.38629 0.895677 2.74522 2.75908 -0.457426 
-11245.4 8.55176 5.04574 -1.15874 -1.99166 3.38629 0.895677 2.74522 2.75908 -0.457426 
-11245.4 8.55176 5.04574 -1.15874 -1.99166 3.38629 0.895677 2.74522 2.75908 -0.457426 
-11245.4 8.55176 5.04574 -1.15874 -1.99166 3.38629 0.895677 2.74522 2.75908 -0.457426 
-11245.4 8.55176 5.04574 -1.15874 -1.99166 3.38629 0.895677 2.74522 2.75908 -0.457426 
-11245.4 8.55176 5.04574 -1.15874 -1.99166 3.38629 0.895677 2.74522 2.75908 -0.457426 
-11245.4 8.55176 5.04574 -1.15874 -1.99166 3.38629 0.895677 2.74522 2.75908 -0.457426 
-11245.4 8.55176 5.04574 -1.15873 -1.99167 3.38629 0.895727 2.74521 2.75908 -0.45743 
-11245.4 8.55176 5.04574 -1.15873 -1.99167 3.38629 0.895727 2.74521 2.75908 -0.45743 
-11245.4 8.55176 5.04574 -1.15873 -1.99167 3.38629 0.895727 2.74521 2.75908 -0.45743 
-11245.4 8.55176 5.04574 -1.15873 -1.99167 3.38629 0.895727 2.74521 2.75908 -0.45743 
-11245.4 8.55176 5.04574 -1.15873 -1.99167 3.38629 0.895727 2.74521 2.75908 -0.45743 
-11245.4 8.55176 5.04574 -1.15873 -1.99167 3.38629 0.895727 2.74521 2.75908 -0.45743 
-11245.4 8.55176 5.04574 -1.15873 -1.99167 3.38629 0.895727 2.74521 2.75908 -0.45743 
-11245.4 8.55176 5.04574 -1.15873 -1.99167 3.38629 0.895727 2.74521 2.75908 -0.45743 
-11245.4 8.55176 5.04574 -1.15873 -1.99167 3.38629 0.895727 2.74521 2.75908 -0.45743 
-11245.4 8.55176 5.04574 -1.15873 -1.99167 3.38629 0.895727 2.74521 2.75908 -0.45743 
-11245.4 8.55176 5.04574 -1.15873 -1.99167 3.38629 0.895727 2.74521 2.75908 -0.45743 
-11245.4 8.55176 5.04574 -1.15873 -1.99167 3.38629 0.895727 2.74521 2.75908 -0.45743 
-11245.4 8.55175 5.04574 -1.15873 -1.99168 3.38629 0.895737 2.7452 2.75909 -0.457431 
-11245.4 8.55175 5.04574 -1.15873 -1.99168 3.38629 0.895737 2.7452 2.75909 -0.457431 
-11245.4 8.55175 5.04574 -1.15873 -1.99168 3.38629 0.895737 2.7452 2.75909 -0.457431 
-11245.4 8.55175 5.04574 -1.15873 -1.99168 3.38629 0.895737 2.7452 2.75909 -0.457431 
-11245.4 8.55175 5.04574 -1.15873 -1.99168 3.38629 0.895737 2.7452 2.75909 -0.457431 
-11245.4 8.55175 5.04574 -1.15873 -1.99168 3.38629 0.895737 2.7452 2.75909 -0.457431 
-11245.4 8.55175 5.04574 -1.15873 -1.99168 3.38629 0.895737 2.7452 2.75909 -0.457431 
-11245.4 8.55175 5.04574 -1.15873 -1.99168 3.38629 0.895737 2.7452 2.75909 -0.457431 
-11245.4 8.55175 5.04574 -1.15873 -1.99168 3.38629 0.895737 2.7452 2.75909 -0.457431 
-11245.4 8.55175 5.04574 -1.15873 -1.99168 3.38629 0.895737 2.7452 2.75909 -0.457431 
-11245.4 8.55175 5.04574 -1.15873 -1.99168 3.38629 0.895737 2.7452 2.75909 -0.457431 
-11245.4 8.55175 5.04574 -1.15873 -1.99168 3.38629 0.895737 2.7452 2.75909 -0.457431 
-11245.4 8.55175 5.04574 -1.15873 -1.99168 3.38629 0.895737 2.7452 2.75909 -0.457431 
-11245.4 8.55175 5.04574 -1.15873 -1.99168 3.38629 0.895737 2.7452 2.75909 -0.457431 
-11245.4 8.55175 5.04574 -1.15873 -1.99168 3.38629 0.895737 2.7452 2.75909 -0.457431 
-11245.4 8.55175 5.04574 -1.15873 -1.99168 3.38629 0.895737 2.7452 2.75909 -0.457431 
-11245.4 8.55175 5.04574 -1.15873 -1.99168 3.38629 0.895737 2.7452 2.75909 -0.457431 
