-18404.4 8.22511 7.00479 -1.66214 -2.18289 3.37368 0.105097 
-18404.4 8.22511 7.00479 -1.66214 -2.18289 3.37368 0.105097 
-18404.4 8.22511 7.00479 -1.66214 -2.18289 3.37368 0.105097 
-18404.4 8.22511 7.00479 -1.66214 -2.18289 3.37368 0.105097 
-18474.1 7.97257 7.01136 -1.47516 -2.38551 3.37513 0.235208 
-18486.3 7.90567 7.00669 -1.45133 -2.26509 3.37575 0.0234417 
-18486.3 7.90567 7.00669 -1.45133 -2.26509 3.37575 0.0234417 
-18486.3 7.90567 7.00669 -1.45133 -2.26509 3.37575 0.0234417 
-18541.4 7.95296 7.0098 -1.51874 -2.13947 3.37528 0.0630034 
-18541.4 7.95296 7.0098 -1.51874 -2.13947 3.37528 0.0630034 
-18541.4 7.95296 7.0098 -1.51874 -2.13947 3.37528 0.0630034 
-18541.4 7.95296 7.0098 -1.51874 -2.13947 3.37528 0.0630034 
-18541.4 7.95296 7.0098 -1.51874 -2.13947 3.37528 0.0630034 
-18541.4 7.95296 7.0098 -1.51874 -2.13947 3.37528 0.0630034 
-18541.4 7.95296 7.0098 -1.51874 -2.13947 3.37528 0.0630034 
-18541.4 7.95296 7.0098 -1.51874 -2.13947 3.37528 0.0630034 
-18628.1 7.96125 7.00078 -1.62725 -1.87518 3.37618 -0.162126 
-18628.1 7.96125 7.00078 -1.62725 -1.87518 3.37618 -0.162126 
-18628.1 7.96125 7.00078 -1.62725 -1.87518 3.37618 -0.162126 
-18628.1 7.96125 7.00078 -1.62725 -1.87518 3.37618 -0.162126 
-18628.1 7.96125 7.00078 -1.62725 -1.87518 3.37618 -0.162126 
-18697.7 7.96826 7.00442 -1.75379 -1.65822 3.37487 -0.298434 
-18768.3 8.00196 6.99499 -1.83511 -1.56 3.37588 -0.26979 
-18768.3 8.00196 6.99499 -1.83511 -1.56 3.37588 -0.26979 
-18768.3 8.00196 6.99499 -1.83511 -1.56 3.37588 -0.26979 
-18768.3 8.00196 6.99499 -1.83511 -1.56 3.37588 -0.26979 
-18784.6 7.99481 6.99293 -1.9434 -1.29242 3.3759 -0.597209 
-18784.6 7.99481 6.99293 -1.9434 -1.29242 3.3759 -0.597209 
-18784.6 7.99481 6.99293 -1.9434 -1.29242 3.3759 -0.597209 
-18784.6 7.99481 6.99293 -1.9434 -1.29242 3.3759 -0.597209 
-18784.6 7.99481 6.99293 -1.9434 -1.29242 3.3759 -0.597209 
-18784.6 7.99481 6.99293 -1.9434 -1.29242 3.3759 -0.597209 
-18784.6 7.99481 6.99293 -1.9434 -1.29242 3.3759 -0.597209 
-18788.8 7.95427 6.9913 -1.94852 -1.23446 3.37616 -0.579839 
-18788.8 7.95427 6.9913 -1.94852 -1.23446 3.37616 -0.579839 
-18788.8 7.95427 6.9913 -1.94852 -1.23446 3.37616 -0.579839 
-18793.5 7.98239 6.99477 -1.88097 -1.42977 3.37588 -0.401757 
-18794.2 7.9485 6.9954 -1.8856 -1.35833 3.37604 -0.489788 
-18794.2 7.9485 6.9954 -1.8856 -1.35833 3.37604 -0.489788 
-18794.2 7.9485 6.9954 -1.8856 -1.35833 3.37604 -0.489788 
-18794.2 7.9485 6.9954 -1.8856 -1.35833 3.37604 -0.489788 
-18794.4 8.00058 6.99365 -1.882 -1.4073 3.37587 -0.467515 
-18813 7.93534 6.99654 -1.83173 -1.46432 3.3759 -0.27475 
-18813 7.93534 6.99654 -1.83173 -1.46432 3.3759 -0.27475 
-18813 7.93534 6.99654 -1.83173 -1.46432 3.3759 -0.27475 
-18813 7.93534 6.99654 -1.83173 -1.46432 3.3759 -0.27475 
-18813 7.93534 6.99654 -1.83173 -1.46432 3.3759 -0.27475 
-18813 7.93534 6.99654 -1.83173 -1.46432 3.3759 -0.27475 
-18814.3 7.89643 6.99621 -1.88908 -1.3558 3.37608 -0.277919 
-18816.8 7.9015 6.99493 -1.81405 -1.48261 3.37628 -0.170271 
-18830.8 7.87104 6.99483 -1.83721 -1.40992 3.37638 -0.134427 
-18830.8 7.87104 6.99483 -1.83721 -1.40992 3.37638 -0.134427 
-18830.8 7.87104 6.99483 -1.83721 -1.40992 3.37638 -0.134427 
-18830.8 7.87104 6.99483 -1.83721 -1.40992 3.37638 -0.134427 
-18830.8 7.87104 6.99483 -1.83721 -1.40992 3.37638 -0.134427 
-18830.8 7.87104 6.99483 -1.83721 -1.40992 3.37638 -0.134427 
-18830.8 7.87104 6.99483 -1.83721 -1.40992 3.37638 -0.134427 
-18845 7.77645 6.99647 -1.86109 -1.29925 3.3763 -0.0141624 
-18845 7.77645 6.99647 -1.86109 -1.29925 3.3763 -0.0141624 
-18845 7.77645 6.99647 -1.86109 -1.29925 3.3763 -0.0141624 
-18845 7.77645 6.99647 -1.86109 -1.29925 3.3763 -0.0141624 
-18845 7.77645 6.99647 -1.86109 -1.29925 3.3763 -0.0141624 
-18845 7.77645 6.99647 -1.86109 -1.29925 3.3763 -0.0141624 
-18845 7.77645 6.99647 -1.86109 -1.29925 3.3763 -0.0141624 
-18852.5 7.89783 6.99257 -1.89791 -1.28375 3.37602 -0.219363 
-18852.5 7.89783 6.99257 -1.89791 -1.28375 3.37602 -0.219363 
-18852.5 7.89783 6.99257 -1.89791 -1.28375 3.37602 -0.219363 
-18852.5 7.89783 6.99257 -1.89791 -1.28375 3.37602 -0.219363 
-18852.5 7.89783 6.99257 -1.89791 -1.28375 3.37602 -0.219363 
-18855.9 7.79194 6.99624 -1.87385 -1.25493 3.37608 -0.055202 
-18855.9 7.79194 6.99624 -1.87385 -1.25493 3.37608 -0.055202 
-18866.1 7.81343 6.99206 -1.88011 -1.25328 3.37602 0.0248643 
-18866.1 7.81343 6.99206 -1.88011 -1.25328 3.37602 0.0248643 
-18866.1 7.81343 6.99206 -1.88011 -1.25328 3.37602 0.0248643 
-18866.1 7.81343 6.99206 -1.88011 -1.25328 3.37602 0.0248643 
-18866.1 7.81343 6.99206 -1.88011 -1.25328 3.37602 0.0248643 
-18866.1 7.81343 6.99206 -1.88011 -1.25328 3.37602 0.0248643 
-18866.1 7.81343 6.99206 -1.88011 -1.25328 3.37602 0.0248643 
-18866.1 7.81343 6.99206 -1.88011 -1.25328 3.37602 0.0248643 
-18866.1 7.81343 6.99206 -1.88011 -1.25328 3.37602 0.0248643 
-18866.1 7.81343 6.99206 -1.88011 -1.25328 3.37602 0.0248643 
-18877 7.921 6.98391 -1.91719 -1.22472 3.3757 0.0743998 
-18877 7.921 6.98391 -1.91719 -1.22472 3.3757 0.0743998 
-18877 7.921 6.98391 -1.91719 -1.22472 3.3757 0.0743998 
-18877 7.921 6.98391 -1.91719 -1.22472 3.3757 0.0743998 
-18877 7.921 6.98391 -1.91719 -1.22472 3.3757 0.0743998 
-18881.6 7.94575 6.98063 -1.90387 -1.27483 3.37562 0.116232 
-18881.8 8.05135 6.97578 -1.89515 -1.35763 3.3757 0.132416 
-18881.8 8.05135 6.97578 -1.89515 -1.35763 3.3757 0.132416 
-18886.5 8.01955 6.97296 -1.92452 -1.26128 3.37563 0.216484 
-18886.5 8.01955 6.97296 -1.92452 -1.26128 3.37563 0.216484 
-18886.5 8.01955 6.97296 -1.92452 -1.26128 3.37563 0.216484 
-18886.5 8.01955 6.97296 -1.92452 -1.26128 3.37563 0.216484 
-18886.5 8.01955 6.97296 -1.92452 -1.26128 3.37563 0.216484 
-18886.5 8.01955 6.97296 -1.92452 -1.26128 3.37563 0.216484 
-18886.5 8.01955 6.97296 -1.92452 -1.26128 3.37563 0.216484 
-18887.7 8.08823 6.97273 -1.90989 -1.34123 3.3758 0.103637 
-18891.6 7.99491 6.97655 -1.92353 -1.25296 3.37575 0.0778598 
-18891.6 7.99491 6.97655 -1.92353 -1.25296 3.37575 0.0778598 
-18891.6 7.99491 6.97655 -1.92353 -1.25296 3.37575 0.0778598 
-18892 8.15769 6.96227 -1.92885 -1.33962 3.37577 0.244325 
-18894.5 8.09789 6.96668 -1.94888 -1.24718 3.37566 0.215194 
-18894.5 8.09789 6.96668 -1.94888 -1.24718 3.37566 0.215194 
-18896.2 8.1401 6.9617 -1.95799 -1.25641 3.37553 0.220157 
-18906.9 8.12075 6.96676 -1.96121 -1.25968 3.37582 0.0738272 
-18906.9 8.12075 6.96676 -1.96121 -1.25968 3.37582 0.0738272 
-18906.9 8.12075 6.96676 -1.96121 -1.25968 3.37582 0.0738272 
-18906.9 8.12075 6.96676 -1.96121 -1.25968 3.37582 0.0738272 
-18906.9 8.12075 6.96676 -1.96121 -1.25968 3.37582 0.0738272 
-18924.2 8.23755 6.95234 -2.0001 -1.24437 3.37587 0.137387 
-18924.2 8.23755 6.95234 -2.0001 -1.24437 3.37587 0.137387 
-18924.2 8.23755 6.95234 -2.0001 -1.24437 3.37587 0.137387 
-18924.2 8.23755 6.95234 -2.0001 -1.24437 3.37587 0.137387 
-18924.2 8.23755 6.95234 -2.0001 -1.24437 3.37587 0.137387 
-18924.2 8.23755 6.95234 -2.0001 -1.24437 3.37587 0.137387 
-18934 8.29743 6.94424 -2.05022 -1.17569 3.37624 0.0891748 
-18934 8.29743 6.94424 -2.05022 -1.17569 3.37624 0.0891748 
-18934 8.29743 6.94424 -2.05022 -1.17569 3.37624 0.0891748 
-18939.9 8.38683 6.93637 -2.08102 -1.1393 3.37586 0.182238 
-18962 8.51528 6.92288 -2.13933 -1.12918 3.37594 0.0453238 
-18962 8.51528 6.92288 -2.13933 -1.12918 3.37594 0.0453238 
-18962 8.51528 6.92288 -2.13933 -1.12918 3.37594 0.0453238 
-18962 8.51528 6.92288 -2.13933 -1.12918 3.37594 0.0453238 
-18966.4 8.63182 6.90805 -2.18594 -1.07254 3.37611 0.151704 
-18971.2 8.68998 6.90152 -2.21885 -1.03719 3.3759 0.195188 
-18972.5 8.70163 6.89777 -2.234 -1.03954 3.37628 0.106441 
-18976.4 8.70092 6.90083 -2.25215 -0.985577 3.37599 0.0460731 
-18977.8 8.70346 6.89805 -2.23658 -1.01102 3.3758 0.132338 
-18977.8 8.70346 6.89805 -2.23658 -1.01102 3.3758 0.132338 
-18977.8 8.70346 6.89805 -2.23658 -1.01102 3.3758 0.132338 
-18977.8 8.70346 6.89805 -2.23658 -1.01102 3.3758 0.132338 
-18983.4 8.81354 6.88252 -2.33466 -0.883038 3.37581 0.11086 
-18983.4 8.81354 6.88252 -2.33466 -0.883038 3.37581 0.11086 
-18983.4 8.81354 6.88252 -2.33466 -0.883038 3.37581 0.11086 
-18983.4 8.81354 6.88252 -2.33466 -0.883038 3.37581 0.11086 
-18983.4 8.81354 6.88252 -2.33466 -0.883038 3.37581 0.11086 
-18989.1 8.73675 6.88392 -2.29735 -0.914876 3.37589 0.207261 
-18989.1 8.73675 6.88392 -2.29735 -0.914876 3.37589 0.207261 
-18989.1 8.73675 6.88392 -2.29735 -0.914876 3.37589 0.207261 
-18989.1 8.73675 6.88392 -2.29735 -0.914876 3.37589 0.207261 
-18989.1 8.73675 6.88392 -2.29735 -0.914876 3.37589 0.207261 
-18989.1 8.73675 6.88392 -2.29735 -0.914876 3.37589 0.207261 
-18993.3 8.81729 6.8672 -2.38003 -0.823919 3.37612 0.0725514 
-18993.3 8.81729 6.8672 -2.38003 -0.823919 3.37612 0.0725514 
-18993.3 8.81729 6.8672 -2.38003 -0.823919 3.37612 0.0725514 
-18993.3 8.81729 6.8672 -2.38003 -0.823919 3.37612 0.0725514 
-18993.3 8.81729 6.8672 -2.38003 -0.823919 3.37612 0.0725514 
-18996.9 8.62787 6.88754 -2.26395 -0.922649 3.37587 0.196718 
-18996.9 8.62787 6.88754 -2.26395 -0.922649 3.37587 0.196718 
-18996.9 8.62787 6.88754 -2.26395 -0.922649 3.37587 0.196718 
-18996.9 8.62787 6.88754 -2.26395 -0.922649 3.37587 0.196718 
-18996.9 8.62787 6.88754 -2.26395 -0.922649 3.37587 0.196718 
-19004.3 8.63209 6.86837 -2.32566 -0.833246 3.37582 0.137314 
-19004.3 8.63209 6.86837 -2.32566 -0.833246 3.37582 0.137314 
-19004.3 8.63209 6.86837 -2.32566 -0.833246 3.37582 0.137314 
-19013.6 8.63711 6.86728 -2.26146 -0.956772 3.37604 0.23361 
-19013.6 8.63711 6.86728 -2.26146 -0.956772 3.37604 0.23361 
-19013.6 8.63711 6.86728 -2.26146 -0.956772 3.37604 0.23361 
-19013.6 8.63711 6.86728 -2.26146 -0.956772 3.37604 0.23361 
-19013.6 8.63711 6.86728 -2.26146 -0.956772 3.37604 0.23361 
-19013.6 8.63711 6.86728 -2.26146 -0.956772 3.37604 0.23361 
-19019.2 8.50646 6.86178 -2.24346 -0.956185 3.37569 0.0647493 
-19019.2 8.50646 6.86178 -2.24346 -0.956185 3.37569 0.0647493 
-19019.6 8.61118 6.84339 -2.19746 -1.10703 3.37603 0.273814 
-19021 8.60494 6.82414 -2.26071 -0.964209 3.3754 0.320705 
-19041.2 8.6614 6.8257 -2.2483 -1.04456 3.37576 0.108262 
-19041.2 8.6614 6.8257 -2.2483 -1.04456 3.37576 0.108262 
-19041.2 8.6614 6.8257 -2.2483 -1.04456 3.37576 0.108262 
-19041.2 8.6614 6.8257 -2.2483 -1.04456 3.37576 0.108262 
-19041.2 8.6614 6.8257 -2.2483 -1.04456 3.37576 0.108262 
-19041.2 8.6614 6.8257 -2.2483 -1.04456 3.37576 0.108262 
-19041.2 8.6614 6.8257 -2.2483 -1.04456 3.37576 0.108262 
-19041.7 8.57625 6.78215 -2.17594 -1.18742 3.37558 0.12785 
-19041.7 8.57625 6.78215 -2.17594 -1.18742 3.37558 0.12785 
-19052.4 8.64568 6.81816 -2.19776 -1.13735 3.376 0.0456229 
-19052.4 8.64568 6.81816 -2.19776 -1.13735 3.376 0.0456229 
-19052.4 8.64568 6.81816 -2.19776 -1.13735 3.376 0.0456229 
-19052.4 8.64568 6.81816 -2.19776 -1.13735 3.376 0.0456229 
-19053.8 8.53986 6.7831 -2.18672 -1.13466 3.37544 0.0585359 
-19056.7 8.7939 6.75646 -2.29741 -1.03175 3.37571 0.18321 
-19056.7 8.7939 6.75646 -2.29741 -1.03175 3.37571 0.18321 
-19064.9 8.79319 6.79917 -2.296 -0.988281 3.37568 0.00298761 
-19070.9 8.64078 6.79185 -2.17375 -1.17512 3.3758 0.158449 
-19070.9 8.64078 6.79185 -2.17375 -1.17512 3.3758 0.158449 
-19071.2 8.7592 6.73652 -2.25024 -1.1114 3.37542 0.117941 
-19071.2 8.7592 6.73652 -2.25024 -1.1114 3.37542 0.117941 
-19073.4 8.88295 6.76554 -2.35393 -0.915431 3.37587 0.129931 
-19074.2 8.77465 6.78303 -2.22642 -1.11743 3.37582 -0.00389776 
-19074.2 8.77465 6.78303 -2.22642 -1.11743 3.37582 -0.00389776 
-19080.3 8.76413 6.76234 -2.25012 -1.06835 3.37555 0.207866 
-19094.8 8.61832 6.76147 -2.2125 -1.069 3.3755 0.175646 
-19094.8 8.61832 6.76147 -2.2125 -1.069 3.3755 0.175646 
-19094.8 8.61832 6.76147 -2.2125 -1.069 3.3755 0.175646 
-19094.8 8.61832 6.76147 -2.2125 -1.069 3.3755 0.175646 
-19094.8 8.61832 6.76147 -2.2125 -1.069 3.3755 0.175646 
-19094.8 8.61832 6.76147 -2.2125 -1.069 3.3755 0.175646 
-19116.5 8.70588 6.71585 -2.23274 -1.07403 3.37583 0.0962284 
-19116.5 8.70588 6.71585 -2.23274 -1.07403 3.37583 0.0962284 
-19116.5 8.70588 6.71585 -2.23274 -1.07403 3.37583 0.0962284 
-19116.5 8.70588 6.71585 -2.23274 -1.07403 3.37583 0.0962284 
-19116.5 8.70588 6.71585 -2.23274 -1.07403 3.37583 0.0962284 
-19116.5 8.70588 6.71585 -2.23274 -1.07403 3.37583 0.0962284 
-19116.9 8.61815 6.73858 -2.16634 -1.13599 3.37603 0.120657 
-19131.4 8.24775 6.73095 -2.01198 -1.26299 3.37581 0.11917 
-19134.9 8.56456 6.70072 -2.21435 -0.997274 3.3759 -0.0905415 
-19136.1 8.54065 6.68725 -2.21376 -0.999959 3.37582 0.185456 
-19136.1 8.54065 6.68725 -2.21376 -0.999959 3.37582 0.185456 
-19139.1 8.48034 6.67263 -2.11853 -1.16403 3.37601 -0.0291284 
-19144.1 8.0789 6.68324 -1.9863 -1.16701 3.37626 -0.047902 
-19150.3 8.19587 6.65293 -2.07484 -1.0844 3.37599 -0.0804729 
-19150.3 8.19587 6.65293 -2.07484 -1.0844 3.37599 -0.0804729 
-19150.7 8.19794 6.66812 -2.04782 -1.12489 3.37571 0.0133042 
-19153.6 8.04102 6.65629 -1.95657 -1.24006 3.37601 0.121958 
-19153.6 8.04102 6.65629 -1.95657 -1.24006 3.37601 0.121958 
-19153.6 8.04102 6.65629 -1.95657 -1.24006 3.37601 0.121958 
-19153.6 8.04102 6.65629 -1.95657 -1.24006 3.37601 0.121958 
-19154.2 7.99787 6.66375 -1.93718 -1.24533 3.37602 -0.0775361 
-19154.2 7.99787 6.66375 -1.93718 -1.24533 3.37602 -0.0775361 
-19154.2 7.99787 6.66375 -1.93718 -1.24533 3.37602 -0.0775361 
-19155.5 7.93888 6.66692 -1.94445 -1.19141 3.37596 -0.00352546 
-19155.5 7.93888 6.66692 -1.94445 -1.19141 3.37596 -0.00352546 
-19156 7.94299 6.66871 -1.91116 -1.2776 3.37602 0.0403126 
-19157.1 7.79281 6.64811 -1.84911 -1.30777 3.37596 0.0418096 
-19157.1 7.79281 6.64811 -1.84911 -1.30777 3.37596 0.0418096 
-19157.1 7.79281 6.64811 -1.84911 -1.30777 3.37596 0.0418096 
-19157.5 7.74614 6.67297 -1.82895 -1.31795 3.37587 0.113405 
-19157.5 7.74614 6.67297 -1.82895 -1.31795 3.37587 0.113405 
-19157.9 7.89183 6.67345 -1.88146 -1.2965 3.37589 0.070001 
-19157.9 7.89183 6.67345 -1.88146 -1.2965 3.37589 0.070001 
-19157.9 7.64646 6.66709 -1.76769 -1.3729 3.37586 0.0583876 
-19158 7.75277 6.66822 -1.8081 -1.36608 3.37594 0.0656855 
-19158 7.75277 6.66822 -1.8081 -1.36608 3.37594 0.0656855 
-19158.1 7.78483 6.65926 -1.84059 -1.31743 3.37593 0.0475438 
-19158.1 7.78483 6.65926 -1.84059 -1.31743 3.37593 0.0475438 
-19158.5 7.76105 6.67046 -1.82929 -1.32473 3.3759 0.0811522 
-19158.5 7.76105 6.67046 -1.82929 -1.32473 3.3759 0.0811522 
-19158.5 7.76105 6.67046 -1.82929 -1.32473 3.3759 0.0811522 
-19158.5 7.76105 6.67046 -1.82929 -1.32473 3.3759 0.0811522 
-19158.6 7.65276 6.662 -1.76837 -1.38341 3.37594 0.0850377 
-19158.6 7.65276 6.662 -1.76837 -1.38341 3.37594 0.0850377 
-19158.8 7.54788 6.67936 -1.71228 -1.42827 3.3759 0.0855254 
-19158.8 7.54788 6.67936 -1.71228 -1.42827 3.3759 0.0855254 
-19158.8 7.57719 6.66765 -1.73277 -1.40903 3.37588 0.0972721 
-19158.8 7.57719 6.66765 -1.73277 -1.40903 3.37588 0.0972721 
-19158.8 7.53508 6.67179 -1.71595 -1.41556 3.3759 0.105519 
-19160.2 7.26789 6.66717 -1.56746 -1.55469 3.37595 0.100797 
-19160.2 7.26789 6.66717 -1.56746 -1.55469 3.37595 0.100797 
-19160.2 7.26789 6.66717 -1.56746 -1.55469 3.37595 0.100797 
-19160.2 7.26789 6.66717 -1.56746 -1.55469 3.37595 0.100797 
-19160.2 7.26789 6.66717 -1.56746 -1.55469 3.37595 0.100797 
-19160.2 7.26789 6.66717 -1.56746 -1.55469 3.37595 0.100797 
-19160.2 7.26789 6.66717 -1.56746 -1.55469 3.37595 0.100797 
-19160.2 7.26789 6.66717 -1.56746 -1.55469 3.37595 0.100797 
-19160.2 7.26789 6.66717 -1.56746 -1.55469 3.37595 0.100797 
-19160.2 7.26789 6.66717 -1.56746 -1.55469 3.37595 0.100797 
-19160.2 7.26789 6.66717 -1.56746 -1.55469 3.37595 0.100797 
-19160.2 7.26789 6.66717 -1.56746 -1.55469 3.37595 0.100797 
-19160.3 7.273 6.66319 -1.57718 -1.53864 3.37596 0.0876672 
-19160.3 7.273 6.66319 -1.57718 -1.53864 3.37596 0.0876672 
-19160.3 7.273 6.66319 -1.57718 -1.53864 3.37596 0.0876672 
-19160.3 7.273 6.66319 -1.57718 -1.53864 3.37596 0.0876672 
-19160.3 7.273 6.66319 -1.57718 -1.53864 3.37596 0.0876672 
-19160.3 7.38206 6.66604 -1.63114 -1.49676 3.37595 0.0895206 
-19160.3 7.38206 6.66604 -1.63114 -1.49676 3.37595 0.0895206 
-19160.4 7.28816 6.66092 -1.58276 -1.53752 3.37596 0.08289 
-19160.4 7.28816 6.66092 -1.58276 -1.53752 3.37596 0.08289 
-19160.4 7.28816 6.66092 -1.58276 -1.53752 3.37596 0.08289 
-19160.4 7.28816 6.66092 -1.58276 -1.53752 3.37596 0.08289 
-19160.4 7.28816 6.66092 -1.58276 -1.53752 3.37596 0.08289 
-19160.4 7.28816 6.66092 -1.58276 -1.53752 3.37596 0.08289 
-19160.4 7.28816 6.66092 -1.58276 -1.53752 3.37596 0.08289 
-19160.4 7.28816 6.66092 -1.58276 -1.53752 3.37596 0.08289 
-19160.4 7.28816 6.66092 -1.58276 -1.53752 3.37596 0.08289 
-19160.4 7.34858 6.66526 -1.61661 -1.50496 3.37595 0.0664039 
-19160.4 7.3465 6.66546 -1.61278 -1.5118 3.37595 0.0854202 
-19160.5 7.33424 6.66491 -1.60541 -1.51913 3.37596 0.0731848 
-19160.5 7.33424 6.66491 -1.60541 -1.51913 3.37596 0.0731848 
-19160.5 7.29982 6.66182 -1.59243 -1.52532 3.37596 0.0754577 
-19160.5 7.29982 6.66182 -1.59243 -1.52532 3.37596 0.0754577 
-19160.5 7.29982 6.66182 -1.59243 -1.52532 3.37596 0.0754577 
-19160.5 7.29982 6.66182 -1.59243 -1.52532 3.37596 0.0754577 
-19160.6 7.30719 6.66278 -1.59412 -1.52697 3.37596 0.0762899 
-19160.6 7.30719 6.66278 -1.59412 -1.52697 3.37596 0.0762899 
-19160.6 7.30719 6.66278 -1.59412 -1.52697 3.37596 0.0762899 
-19160.6 7.30719 6.66278 -1.59412 -1.52697 3.37596 0.0762899 
-19160.6 7.30719 6.66278 -1.59412 -1.52697 3.37596 0.0762899 
-19160.6 7.30719 6.66278 -1.59412 -1.52697 3.37596 0.0762899 
-19160.6 7.30719 6.66278 -1.59412 -1.52697 3.37596 0.0762899 
-19160.6 7.32119 6.66197 -1.60487 -1.51448 3.37596 0.0774367 
-19160.7 7.36149 6.66666 -1.62383 -1.50077 3.37595 0.0773089 
-19160.7 7.36149 6.66666 -1.62383 -1.50077 3.37595 0.0773089 
-19160.7 7.36149 6.66666 -1.62383 -1.50077 3.37595 0.0773089 
-19160.7 7.36149 6.66666 -1.62383 -1.50077 3.37595 0.0773089 
-19160.7 7.36149 6.66666 -1.62383 -1.50077 3.37595 0.0773089 
-19160.7 7.36149 6.66666 -1.62383 -1.50077 3.37595 0.0773089 
-19160.7 7.31473 6.66324 -1.60097 -1.51832 3.37596 0.0763508 
-19160.7 7.34574 6.66366 -1.61617 -1.50801 3.37596 0.07644 
-19160.7 7.34574 6.66366 -1.61617 -1.50801 3.37596 0.07644 
-19160.7 7.35328 6.66725 -1.61772 -1.50956 3.37596 0.0779505 
-19160.7 7.35328 6.66725 -1.61772 -1.50956 3.37596 0.0779505 
-19160.7 7.35328 6.66725 -1.61772 -1.50956 3.37596 0.0779505 
-19160.7 7.35328 6.66725 -1.61772 -1.50956 3.37596 0.0779505 
-19160.7 7.35328 6.66725 -1.61772 -1.50956 3.37596 0.0779505 
-19160.7 7.35328 6.66725 -1.61772 -1.50956 3.37596 0.0779505 
-19160.7 7.35328 6.66725 -1.61772 -1.50956 3.37596 0.0779505 
-19160.7 7.35328 6.66725 -1.61772 -1.50956 3.37596 0.0779505 
-19160.8 7.34228 6.66672 -1.61425 -1.51161 3.37596 0.0769247 
-19160.8 7.34228 6.66672 -1.61425 -1.51161 3.37596 0.0769247 
-19160.8 7.34228 6.66672 -1.61425 -1.51161 3.37596 0.0769247 
-19160.8 7.34228 6.66672 -1.61425 -1.51161 3.37596 0.0769247 
-19160.8 7.34228 6.66672 -1.61425 -1.51161 3.37596 0.0769247 
-19160.8 7.34228 6.66672 -1.61425 -1.51161 3.37596 0.0769247 
-19160.8 7.34228 6.66672 -1.61425 -1.51161 3.37596 0.0769247 
-19160.8 7.34228 6.66672 -1.61425 -1.51161 3.37596 0.0769247 
-19160.8 7.34228 6.66672 -1.61425 -1.51161 3.37596 0.0769247 
-19160.8 7.34228 6.66672 -1.61425 -1.51161 3.37596 0.0769247 
-19160.8 7.34228 6.66672 -1.61425 -1.51161 3.37596 0.0769247 
-19160.8 7.34228 6.66672 -1.61425 -1.51161 3.37596 0.0769247 
-19160.8 7.33192 6.66697 -1.60829 -1.51694 3.37596 0.0755782 
-19160.8 7.33551 6.66717 -1.61055 -1.51502 3.37596 0.0761007 
-19160.8 7.33551 6.66717 -1.61055 -1.51502 3.37596 0.0761007 
-19160.9 7.32374 6.66683 -1.60705 -1.51386 3.37596 0.0763768 
-19160.9 7.32374 6.66683 -1.60705 -1.51386 3.37596 0.0763768 
-19160.9 7.32374 6.66683 -1.60705 -1.51386 3.37596 0.0763768 
-19160.9 7.31876 6.66894 -1.60208 -1.52093 3.37596 0.0753492 
-19160.9 7.32043 6.66807 -1.60295 -1.5206 3.37596 0.0759017 
-19160.9 7.32043 6.66807 -1.60295 -1.5206 3.37596 0.0759017 
-19160.9 7.32043 6.66807 -1.60295 -1.5206 3.37596 0.0759017 
-19160.9 7.30279 6.66893 -1.59743 -1.52035 3.37596 0.0752578 
-19160.9 7.30279 6.66893 -1.59743 -1.52035 3.37596 0.0752578 
-19160.9 7.31981 6.67028 -1.60413 -1.51781 3.37596 0.0754839 
-19160.9 7.31981 6.67028 -1.60413 -1.51781 3.37596 0.0754839 
-19160.9 7.31981 6.67028 -1.60413 -1.51781 3.37596 0.0754839 
-19160.9 7.31981 6.67028 -1.60413 -1.51781 3.37596 0.0754839 
-19160.9 7.28921 6.67086 -1.59159 -1.52404 3.37596 0.0749877 
-19160.9 7.28921 6.67086 -1.59159 -1.52404 3.37596 0.0749877 
-19160.9 7.30062 6.67226 -1.59526 -1.52415 3.37596 0.0760426 
-19160.9 7.30062 6.67226 -1.59526 -1.52415 3.37596 0.0760426 
-19160.9 7.31002 6.67004 -1.60187 -1.51682 3.37596 0.0753955 
-19160.9 7.31002 6.67004 -1.60187 -1.51682 3.37596 0.0753955 
-19160.9 7.28826 6.67093 -1.5915 -1.52401 3.37596 0.0763548 
-19160.9 7.28826 6.67093 -1.5915 -1.52401 3.37596 0.0763548 
-19160.9 7.28826 6.67093 -1.5915 -1.52401 3.37596 0.0763548 
-19160.9 7.28826 6.67093 -1.5915 -1.52401 3.37596 0.0763548 
-19160.9 7.28826 6.67093 -1.5915 -1.52401 3.37596 0.0763548 
-19160.9 7.30017 6.67253 -1.59792 -1.51963 3.37596 0.0756225 
-19160.9 7.30017 6.67253 -1.59792 -1.51963 3.37596 0.0756225 
-19160.9 7.30359 6.67061 -1.5991 -1.51848 3.37596 0.0757976 
-19160.9 7.30359 6.67061 -1.5991 -1.51848 3.37596 0.0757976 
-19160.9 7.30359 6.67061 -1.5991 -1.51848 3.37596 0.0757976 
-19160.9 7.3004 6.67039 -1.59799 -1.51956 3.37596 0.0755593 
-19160.9 7.3004 6.67039 -1.59799 -1.51956 3.37596 0.0755593 
-19160.9 7.3004 6.67039 -1.59799 -1.51956 3.37596 0.0755593 
-19160.9 7.3004 6.67039 -1.59799 -1.51956 3.37596 0.0755593 
-19160.9 7.3004 6.67039 -1.59799 -1.51956 3.37596 0.0755593 
-19160.9 7.3004 6.67039 -1.59799 -1.51956 3.37596 0.0755593 
-19160.9 7.3004 6.67039 -1.59799 -1.51956 3.37596 0.0755593 
-19160.9 7.3004 6.67039 -1.59799 -1.51956 3.37596 0.0755593 
-19160.9 7.3004 6.67039 -1.59799 -1.51956 3.37596 0.0755593 
-19160.9 7.3004 6.67039 -1.59799 -1.51956 3.37596 0.0755593 
-19160.9 7.3004 6.67039 -1.59799 -1.51956 3.37596 0.0755593 
-19160.9 7.3004 6.67039 -1.59799 -1.51956 3.37596 0.0755593 
-19160.9 7.29452 6.671 -1.59557 -1.52074 3.37596 0.0756038 
-19160.9 7.29452 6.671 -1.59557 -1.52074 3.37596 0.0756038 
-19160.9 7.29452 6.671 -1.59557 -1.52074 3.37596 0.0756038 
-19160.9 7.29452 6.671 -1.59557 -1.52074 3.37596 0.0756038 
-19160.9 7.29452 6.671 -1.59557 -1.52074 3.37596 0.0756038 
-19160.9 7.29452 6.671 -1.59557 -1.52074 3.37596 0.0756038 
-19160.9 7.29452 6.671 -1.59557 -1.52074 3.37596 0.0756038 
-19160.9 7.29452 6.671 -1.59557 -1.52074 3.37596 0.0756038 
-19160.9 7.29452 6.671 -1.59557 -1.52074 3.37596 0.0756038 
-19160.9 7.29452 6.671 -1.59557 -1.52074 3.37596 0.0756038 
-19160.9 7.29452 6.671 -1.59557 -1.52074 3.37596 0.0756038 
-19160.9 7.29625 6.67067 -1.59587 -1.52115 3.37596 0.0757256 
-19160.9 7.29625 6.67067 -1.59587 -1.52115 3.37596 0.0757256 
-19160.9 7.29625 6.67067 -1.59587 -1.52115 3.37596 0.0757256 
-19160.9 7.29625 6.67067 -1.59587 -1.52115 3.37596 0.0757256 
-19160.9 7.29625 6.67067 -1.59587 -1.52115 3.37596 0.0757256 
-19160.9 7.29625 6.67067 -1.59587 -1.52115 3.37596 0.0757256 
-19160.9 7.29625 6.67067 -1.59587 -1.52115 3.37596 0.0757256 
-19160.9 7.29625 6.67067 -1.59587 -1.52115 3.37596 0.0757256 
-19160.9 7.2962 6.67094 -1.5959 -1.52111 3.37596 0.075746 
-19160.9 7.2962 6.67094 -1.5959 -1.52111 3.37596 0.075746 
-19160.9 7.2962 6.67094 -1.5959 -1.52111 3.37596 0.075746 
-19160.9 7.2962 6.67094 -1.5959 -1.52111 3.37596 0.075746 
-19160.9 7.29377 6.6705 -1.59523 -1.52094 3.37596 0.0755367 
-19160.9 7.29377 6.6705 -1.59523 -1.52094 3.37596 0.0755367 
-19160.9 7.29377 6.6705 -1.59523 -1.52094 3.37596 0.0755367 
-19160.9 7.29464 6.67022 -1.59532 -1.52122 3.37596 0.0756782 
-19160.9 7.29464 6.67022 -1.59532 -1.52122 3.37596 0.0756782 
-19160.9 7.29464 6.67022 -1.59532 -1.52122 3.37596 0.0756782 
-19160.9 7.29464 6.67022 -1.59532 -1.52122 3.37596 0.0756782 
-19160.9 7.29464 6.67022 -1.59532 -1.52122 3.37596 0.0756782 
-19160.9 7.29464 6.67022 -1.59532 -1.52122 3.37596 0.0756782 
-19160.9 7.29464 6.67022 -1.59532 -1.52122 3.37596 0.0756782 
-19160.9 7.29442 6.67029 -1.5953 -1.52115 3.37596 0.0756428 
-19160.9 7.29442 6.67029 -1.5953 -1.52115 3.37596 0.0756428 
-19160.9 7.29442 6.67029 -1.5953 -1.52115 3.37596 0.0756428 
-19160.9 7.29442 6.67029 -1.5953 -1.52115 3.37596 0.0756428 
-19160.9 7.29442 6.67029 -1.5953 -1.52115 3.37596 0.0756428 
-19160.9 7.29442 6.67029 -1.5953 -1.52115 3.37596 0.0756428 
-19160.9 7.29442 6.67029 -1.5953 -1.52115 3.37596 0.0756428 
-19160.9 7.29442 6.67029 -1.5953 -1.52115 3.37596 0.0756428 
-19160.9 7.29442 6.67029 -1.5953 -1.52115 3.37596 0.0756428 
-19160.9 7.29442 6.67029 -1.5953 -1.52115 3.37596 0.0756428 
-19160.9 7.29463 6.67034 -1.59534 -1.5212 3.37596 0.075663 
-19160.9 7.29463 6.67034 -1.59534 -1.5212 3.37596 0.075663 
-19160.9 7.29463 6.67034 -1.59534 -1.5212 3.37596 0.075663 
-19160.9 7.29463 6.67034 -1.59534 -1.5212 3.37596 0.075663 
-19160.9 7.29463 6.67034 -1.59534 -1.5212 3.37596 0.075663 
-19160.9 7.29463 6.67034 -1.59534 -1.5212 3.37596 0.075663 
-19160.9 7.29463 6.67034 -1.59534 -1.5212 3.37596 0.075663 
-19160.9 7.29463 6.67034 -1.59534 -1.5212 3.37596 0.075663 
-19160.9 7.29463 6.67034 -1.59534 -1.5212 3.37596 0.075663 
-19160.9 7.29463 6.67034 -1.59534 -1.5212 3.37596 0.075663 
-19160.9 7.29463 6.67034 -1.59534 -1.5212 3.37596 0.075663 
-19160.9 7.29463 6.67034 -1.59534 -1.5212 3.37596 0.075663 
-19160.9 7.29463 6.67034 -1.59534 -1.5212 3.37596 0.075663 
-19160.9 7.29463 6.67034 -1.59534 -1.5212 3.37596 0.075663 
-19160.9 7.29463 6.67034 -1.59534 -1.5212 3.37596 0.075663 
