-53.9973	0.91182	-21.1801	10.1431	19.7798	0.2	1250
-53.9983	0.932509	-20.4855	10.1384	17.3002	0.2	250
-53.9995	0.955989	-19.6981	10.1331	16.4478	0.2	250
-54.0007	0.978569	-18.9434	10.128	20.2424	0.2	1250
-54.0018	1.00029	-18.2209	10.1231	20.5128	0.2	250
-54.0032	1.02403	-17.435	10.1178	20.8262	0.2	250
-54.0045	1.04675	-16.6871	10.1128	21.1412	0.2	250
-54.0061	1.07205	-15.8589	10.1072	21.6231	0.2	250
-54.0076	1.0961	-15.075	10.1019	22.0633	0.2	250
-54.0095	1.12397	-14.1686	10.0957	22.6295	0.2	250
-54.0114	1.15017	-13.3166	10.09	23.1931	0.2	250
-54.0137	1.17928	-12.3657	10.0836	23.8545	0.2	250
-54.016	1.2063	-11.4743	10.0775	24.5164	0.2	250
-54.0182	1.23137	-10.6347	10.0719	25.1345	0.2	250
-54.0209	1.25843	-9.70617	10.0656	25.8581	0.2	250
-54.0236	1.2831	-8.83061	10.0597	26.5429	0.2	250
-54.0262	1.30549	-8.00016	10.0541	27.1689	0.2	250
-54.0293	1.32892	-7.07869	10.0478	27.8487	0.2	250
-54.0324	1.34955	-6.20055	10.0419	28.4652	0.2	250
-54.0356	1.36751	-5.358	10.0362	29.0331	0.2	250
-54.0387	1.38289	-4.54432	10.0307	29.5184	0.2	250
-54.0418	1.39579	-3.75359	10.0254	29.9259	0.2	250
-54.0449	1.40625	-2.98049	10.0201	30.248	0.2	250
-54.048	1.41433	-2.22016	10.015	30.4902	0.2	250
-54.0511	1.42006	-1.46801	10.0099	30.6867	0.2	250
-54.0542	1.42343	-0.729489	10.0049	30.789	0.2	250
-54.0572	1.42454	-0.00438394	10	30.8456	0.2	250
-54.0601	1.4235	0.708212	9.99521	30.8397	0.2	250
-54.063	1.42047	1.40983	9.99047	30.7618	0.2	250
-54.0658	1.41559	2.10245	9.98579	30.5567	0.2	250
-54.0685	1.40899	2.78837	9.98116	30.4013	0.2	250
-54.0711	1.4008	3.47012	9.97655	30.1443	0.2	250
-54.0736	1.39113	4.15038	9.97196	29.8539	0.2	250
-54.0761	1.38007	4.83198	9.96735	29.4929	0.2	250
-54.0785	1.3677	5.51796	9.96272	29.1179	0.2	250
-54.0808	1.35408	6.21131	9.95803	28.7343	0.2	250
-54.0831	1.33931	6.91288	9.95329	28.2855	0.2	250
-54.0852	1.32377	7.61118	9.94857	27.7591	0.2	250
-54.0872	1.30756	8.30834	9.94386	27.3833	0.2	250
-54.0892	1.29077	9.00626	9.93915	26.9124	0.2	250
-54.091	1.27349	9.70668	9.93441	26.4698	0.2	250
-54.0928	1.25577	10.4112	9.92965	26.0021	0.2	250
-54.0945	1.23769	11.1212	9.92486	25.5428	0.2	250
-54.0961	1.2193	11.8381	9.92001	25.0514	0.2	250
-54.0976	1.20064	12.5632	9.91511	24.6009	0.2	250
-54.0991	1.18175	13.2977	9.91015	24.2159	0.2	250
-54.1004	1.16268	14.0429	9.90512	23.793	0.2	250
-54.1018	1.14346	14.7998	9.9	23.3782	0.2	250
-54.1031	1.12412	15.5697	9.8948	22.9975	0.2	250
-54.1043	1.1047	16.3536	9.8895	22.6419	0.2	250
-54.1054	1.08523	17.1515	9.88411	22.304	0.2	250
-54.1065	1.06593	17.9562	9.87867	21.9923	0.2	250
-54.1076	1.04716	18.7543	9.87328	21.7211	0.2	250
-54.1085	1.02885	19.5483	9.86792	21.4789	0.2	250
-54.1094	1.01097	20.3401	9.86257	21.2672	0.2	250
-54.1103	0.993491	21.1314	9.85722	18.5748	0.2	250
-54.111	0.976383	21.9233	9.85187	17.6218	0.2	250
-54.1118	0.959625	22.7168	9.84651	17.9477	0.2	250
-54.1125	0.943199	23.5127	9.84113	17.5195	0.2	250
-54.1132	0.92709	24.3117	9.83573	20.7866	0.2	1250
-54.1138	0.911282	25.1144	9.83031	20.802	0.2	250
-54.1144	0.895762	25.9214	9.82486	20.889	0.2	250
-54.115	0.880518	26.7329	9.81937	21.0074	0.2	250
-54.1156	0.865536	27.5496	9.81385	21.1874	0.2	250
-54.1161	0.850807	28.3716	9.8083	21.3708	0.2	250
-54.1166	0.836318	29.1993	9.80271	21.6577	0.2	250
-54.1171	0.822057	30.033	9.79707	22.0752	0.2	250
-54.1175	0.808014	30.873	9.7914	22.5073	0.2	250
-54.118	0.794175	31.7196	9.78568	23.0262	0.2	250
-54.1184	0.780528	32.5731	9.77991	23.6588	0.2	250
-54.1188	0.767059	33.4338	9.7741	24.4262	0.2	250
-54.1192	0.753752	34.3022	9.76823	25.3428	0.2	250
-54.1196	0.740589	35.1788	9.76231	26.3226	0.2	250
-54.1199	0.727545	36.0648	9.75632	27.5484	0.2	250
-54.1203	0.714562	36.9634	9.75025	29.0855	0.2	250
-54.1207	0.701389	37.8916	9.74398	30.4891	0.2	250
-54.121	0.687883	38.8599	9.73743	32.4728	0.2	250
-54.1214	0.674029	39.8692	9.73061	35.1206	0.2	250
-54.1217	0.659813	40.9202	9.72351	37.6774	0.2	250
-54.1221	0.645219	42.0124	9.71613	40.9688	0.2	250
-54.1224	0.630234	43.1441	9.70849	44.9419	0.2	250
-54.1228	0.614844	44.3116	9.7006	49.27	0.2	250
-54.1231	0.600164	45.4232	9.69309	54.0656	0.2	250
-54.1234	0.587832	46.349	9.68683	58.1889	0.2	250
-54.1236	0.576757	47.1685	9.68129	62.2938	0.2	250
-54.1238	0.56656	47.9079	9.6763	65.9256	0.2	250
-54.124	0.557042	48.5797	9.67176	70.5526	0.2	250
-54.1242	0.548084	49.191	9.66763	74.1692	0.2	250
-54.1244	0.539602	49.7459	9.66388	77.7026	0.2	250
-54.1245	0.531536	50.2469	9.66049	81.4259	0.2	250
-54.1247	0.523842	50.6956	9.65746	84.0799	0.2	250
-54.1248	0.516483	51.0929	9.65478	88.3623	0.2	250
-54.125	0.50943	51.439	9.65244	91.5501	0.2	250
-54.1251	0.502659	51.7339	9.65045	94.1212	0.2	250
-54.1252	0.496149	51.9774	9.6488	96.44	0.2	250
-54.1253	0.489883	52.169	9.64751	96.8174	0.2	250
-54.1255	0.483845	52.3079	9.64657	99.1162	0.2	250
-54.1256	0.478024	52.3934	9.64599	99.6334	0.2	250
-54.1257	0.472406	52.4245	9.64578	97.4072	0.2	250
-54.1258	0.466982	52.4001	9.64595	92.2808	0.2	250
-54.1259	0.461743	52.319	9.64649	16.264	0.2	250
-54.126	0.456681	52.18	9.64743	12.2363	0.2	250
-54.1261	0.451789	51.9818	9.64877	9.99656	0.2	250
-54.1262	0.442488	51.4022	9.65269	7.30849	0.2	250
-54.1262	0.447059	51.723	9.65052	8.41889	0.2	250
-54.1263	0.438068	51.0179	9.65528	6.50944	0.2	250
-54.1264	0.433795	50.5685	9.65832	5.84963	0.2	250
-54.1265	0.429667	50.0525	9.66181	5.31908	0.2	250
-54.1266	0.425678	49.4682	9.66576	4.87147	0.2	250
-54.1267	0.418106	48.0886	9.67508	4.29755	0.2	250
-54.1267	0.421825	48.8141	9.67017	4.5287	0.2	250
-54.1268	0.414519	47.29	9.68047	4.01003	0.2	250
-54.1269	0.411061	46.4168	9.68637	3.85657	0.2	250
-54.127	0.404527	44.4402	9.69973	3.49479	0.2	250
-54.127	0.407731	45.4673	9.69279	3.65955	0.2	250
-54.1271	0.401448	43.3339	9.7072	3.41629	0.2	250
-54.1272	0.395666	40.8789	9.72379	3.18098	0.2	250
-54.1272	0.398495	42.1472	9.71522	3.26978	0.2	250
-54.1273	0.392962	39.5281	9.73292	3.14898	0.2	250
-54.1274	0.387931	36.5764	9.75286	3.00848	0.2	250
-54.1274	0.390383	38.0941	9.74261	3.04735	0.2	250
-54.1275	0.385606	34.9751	9.76368	2.95332	0.2	250
-54.1276	0.381364	31.5425	9.78687	2.86932	0.2	250
-54.1276	0.383412	33.2926	9.77505	2.93497	0.2	250
-54.1277	0.37943	29.6967	9.79935	2.83762	0.2	250
-54.1278	0.375975	25.784	9.82578	2.8145	0.2	250
-54.1278	0.377642	27.7858	9.81226	2.8177	0.2	250
-54.1279	0.373066	21.5763	9.85421	2.75331	0.2	250
-54.1279	0.374456	23.7219	9.83972	2.79194	0.2	250
-54.128	0.371822	19.3736	9.8691	2.72723	0.2	250
-54.1281	0.369746	14.7514	9.90033	2.69562	0.2	250
-54.1281	0.370714	17.0969	9.88448	2.73033	0.2	250
-54.1282	0.368248	9.8779	9.93326	2.68581	0.2	250
-54.1282	0.368923	12.3428	9.9166	2.67955	0.2	250
-54.1283	0.367724	7.36404	9.95024	2.67392	0.2	250
-54.1284	0.36714	2.22185	9.98499	2.64866	0.2	250
-54.1284	0.367354	4.80918	9.96751	2.64751	0.2	250
-54.1285	0.367084	-0.388974	10.0026	2.62152	0.2	250
-54.1285	0.367188	-3.014	10.0204	2.62628	0.2	250
-54.1286	0.367451	-5.64374	10.0381	2.62118	0.2	250
-54.1287	0.367873	-8.26859	10.0559	2.60919	0.2	250
-54.1287	0.368455	-10.879	10.0735	2.62689	0.2	250
-54.1288	0.369194	-13.4658	10.091	2.6234	0.2	250
-54.1288	0.37009	-16.0197	10.1082	2.609	0.2	250
-54.1289	0.37114	-18.5323	10.1252	2.62116	0.2	250
-54.129	0.37234	-20.9954	10.1419	2.65145	0.2	250
-54.129	0.373689	-23.4016	10.1581	2.64919	0.2	250
-54.1291	0.375182	-25.7441	10.1739	2.66747	0.2	250
-54.1292	0.376815	-28.017	10.1893	2.72407	0.2	250
-54.1292	0.378584	-30.2149	10.2042	2.7709	0.2	250
-54.1293	0.380484	-32.3334	10.2185	2.81807	0.2	250
-54.1293	0.38251	-34.3689	10.2322	2.83862	0.2	250
-54.1294	0.384658	-36.3185	10.2454	2.94669	0.2	250
-54.1295	0.386921	-38.1802	10.258	2.99434	0.2	250
-54.1295	0.389294	-39.9526	10.27	3.08996	0.2	250
-54.1296	0.391773	-41.6351	10.2813	3.22472	0.2	250
-54.1296	0.394729	-43.4489	10.2936	3.36187	0.2	250
-54.1297	0.397806	-45.1458	10.305	3.58483	0.2	250
-54.1298	0.400998	-46.7275	10.3157	3.79302	0.2	250
-54.1299	0.404296	-48.1964	10.3257	4.07936	0.2	250
-54.1299	0.407692	-49.5556	10.3348	4.36954	0.2	250
-54.13	0.411179	-50.8085	10.3433	4.77831	0.2	250
-54.1301	0.414749	-51.9591	10.3511	5.19398	0.2	250
-54.1301	0.418396	-53.0116	10.3582	5.75433	0.2	250
-54.1302	0.422626	-54.0948	10.3655	6.55655	0.2	250
-54.1303	0.426938	-55.0637	10.3721	7.62391	0.2	250
-54.1304	0.431322	-55.9251	10.3779	9.04358	0.2	250
-54.1305	0.43577	-56.6857	10.383	11.1424	0.2	250
-54.1305	0.440274	-57.3523	10.3875	14.4606	0.2	250
-54.1306	0.445463	-58.0053	10.3919	24.6765	0.2	250
-54.1307	0.450707	-58.5542	10.3956	75.9434	0.2	250
-54.1308	0.455995	-59.0077	10.3987	80.4656	0.2	250
-54.1309	0.46132	-59.3744	10.4012	82.0894	0.2	250
-54.131	0.467625	-59.7052	10.4034	81.375	0.2	250
-54.1311	0.47396	-59.9384	10.405	80.311	0.2	250
-54.1312	0.480314	-60.0848	10.406	77.8983	0.2	250
-54.1313	0.48668	-60.1544	10.4064	76.6032	0.2	250
-54.1314	0.494052	-60.1508	10.4064	73.9293	0.2	250
-54.1316	0.501418	-60.0687	10.4059	72.2661	0.2	250
-54.1317	0.50877	-59.9191	10.4049	68.2305	0.2	250
-54.1318	0.517575	-59.6637	10.4031	65.3825	0.2	250
-54.132	0.526338	-59.3394	10.4009	62.0684	0.2	250
-54.1321	0.535049	-58.9587	10.3984	59.4005	0.2	250
-54.1323	0.545082	-58.46	10.395	56.2901	0.2	250
-54.1325	0.555026	-57.9134	10.3913	52.631	0.2	250
-54.1327	0.567162	-57.1896	10.3864	48.5248	0.2	250
-54.1329	0.579142	-56.4272	10.3813	45.304	0.2	250
-54.1331	0.592742	-55.5183	10.3751	41.6497	0.2	250
-54.1335	0.610829	-54.2601	10.3666	37.9231	0.2	250
-54.1338	0.626939	-53.1097	10.3588	34.5238	0.2	250
-54.1341	0.642705	-51.97	10.3511	31.7254	0.2	250
-54.1344	0.658131	-50.8505	10.3436	29.3236	0.2	250
-54.1347	0.673226	-49.7577	10.3362	27.4655	0.2	250
-54.135	0.687997	-48.6956	10.329	25.887	0.2	250
-54.1353	0.704398	-47.5291	10.3211	24.4593	0.2	250
-54.1356	0.720409	-46.4068	10.3136	23.304	0.2	250
-54.136	0.736044	-45.3289	10.3063	22.4416	0.2	250
-54.1363	0.75132	-44.2949	10.2993	21.7241	0.2	250
-54.1367	0.768212	-43.1747	10.2917	21.0445	0.2	250
-54.1371	0.784681	-42.107	10.2845	20.6089	0.2	250
-54.1375	0.800747	-41.0892	10.2776	20.2091	0.2	250
-54.1379	0.818765	-39.9761	10.2701	19.884	0.2	250
-54.1384	0.836302	-38.9214	10.263	19.7034	0.2	250
-54.1388	0.853382	-37.9212	10.2562	19.5639	0.2	250
-54.1393	0.872751	-36.8187	10.2488	19.4873	0.2	250
-54.1399	0.891566	-35.7794	10.2418	19.4775	0.2	250
-54.1404	0.909858	-34.7981	10.2351	19.5273	0.2	1250
-54.141	0.930823	-33.7075	10.2278	15.8928	0.2	250
-54.1416	0.951141	-32.6843	10.2208	16.1487	0.2	250
-54.1422	0.970852	-31.722	10.2143	19.9784	0.2	1250
-54.1429	0.993769	-30.6393	10.207	20.2352	0.2	250
-54.1437	1.01592	-29.6282	10.2002	20.55	0.2	250
-54.1444	1.03734	-28.6811	10.1938	20.8648	0.2	250
-54.1452	1.06084	-27.6765	10.187	21.2714	0.2	250
-54.1461	1.08352	-26.738	10.1807	21.6852	0.2	250
-54.147	1.10856	-25.7361	10.1739	22.1728	0.2	250
-54.148	1.13268	-24.8028	10.1676	22.6847	0.2	250
-54.1491	1.15952	-23.7984	10.1608	23.2819	0.2	250
-54.1502	1.18529	-22.8656	10.1545	23.8855	0.2	250
-54.1515	1.21493	-21.8285	10.1475	24.5789	0.2	250
-54.1529	1.24325	-20.8705	10.141	25.3494	0.2	250
-54.1542	1.27034	-19.9815	10.135	26.0524	0.2	250
-54.1557	1.30043	-19.0232	10.1285	26.8838	0.2	250
-54.1573	1.32909	-18.1359	10.1225	27.7679	0.2	250
-54.1588	1.35643	-17.3105	10.117	28.546	0.2	250
-54.1606	1.38673	-16.4171	10.1109	29.5377	0.2	250
-54.1624	1.41548	-15.5874	10.1053	30.4592	0.2	250
-54.1642	1.44279	-14.8133	10.1001	31.2959	0.2	250
-54.1663	1.47295	-13.9714	10.0944	32.3012	0.2	250
-54.1684	1.5014	-13.1867	10.0891	33.349	0.2	250
-54.1705	1.52827	-12.4517	10.0841	34.2971	0.2	250
-54.1729	1.55778	-11.6475	10.0787	35.3765	0.2	250
-54.1754	1.58539	-10.8946	10.0736	36.4344	0.2	250
-54.1778	1.6112	-10.1861	10.0688	37.38	0.2	250
-54.1807	1.63934	-9.40422	10.0635	38.4963	0.2	250
-54.1836	1.6653	-8.66802	10.0586	39.4427	0.2	250
-54.1865	1.6892	-7.97115	10.0539	40.4975	0.2	250
-54.1899	1.71492	-7.19168	10.0486	41.531	0.2	250
-54.1932	1.73806	-6.45229	10.0436	42.5136	0.2	250
-54.1966	1.75875	-5.7468	10.0388	43.3785	0.2	250
-54.2007	1.78025	-4.94712	10.0334	44.3207	0.2	250
-54.2047	1.7986	-4.1804	10.0282	45.1119	0.2	250
-54.2087	1.81392	-3.44032	10.0232	45.7658	0.2	250
-54.2127	1.82631	-2.72137	10.0184	46.2809	0.2	250
-54.2168	1.83584	-2.01864	10.0136	46.7801	0.2	250
-54.2208	1.84257	-1.32766	10.009	47.0736	0.2	250
-54.2248	1.84654	-0.644228	10.0044	47.2452	0.2	250
-54.2288	1.84776	0.0356732	9.99976	47.3041	0.2	250
-54.2328	1.84629	0.706796	9.99522	47.2785	0.2	250
-54.2367	1.84225	1.36934	9.99075	47.054	0.2	250
-54.2405	1.8358	2.02419	9.98632	46.8152	0.2	250
-54.2442	1.8271	2.67274	9.98194	46.4325	0.2	250
-54.2478	1.81633	3.31666	9.97759	45.9676	0.2	250
-54.2513	1.80366	3.95667	9.97327	45.3968	0.2	250
-54.2546	1.78951	4.58414	9.96903	44.7975	0.2	250
-54.2578	1.77409	5.20127	9.96486	44.0533	0.2	250
-54.2608	1.75758	5.81085	9.96074	43.3878	0.2	250
-54.2636	1.7401	6.41523	9.95665	42.6857	0.2	250
-54.2663	1.72179	7.0164	9.95259	41.9165	0.2	250
-54.2689	1.70276	7.61612	9.94854	41.1761	0.2	250
-54.2714	1.68309	8.21596	9.94449	40.2766	0.2	250
-54.2738	1.66289	8.81734	9.94042	39.4664	0.2	250
-54.2761	1.64222	9.42156	9.93634	38.723	0.2	250
-54.2782	1.62116	10.0298	9.93223	37.9481	0.2	250
-54.2803	1.59976	10.6433	9.92809	37.1279	0.2	250
-54.2823	1.57809	11.2629	9.9239	36.3261	0.2	250
-54.2842	1.55618	11.8899	9.91966	35.4899	0.2	250
-54.286	1.53409	12.525	9.91537	34.6685	0.2	250
-54.2877	1.51186	13.1694	9.91102	33.9411	0.2	250
-54.2894	1.48952	13.8238	9.9066	33.1754	0.2	250
-54.291	1.46711	14.4893	9.9021	32.3742	0.2	250
-54.2925	1.44466	15.1666	9.89752	31.663	0.2	250
-54.2939	1.42219	15.8568	9.89286	30.9164	0.2	250
-54.2953	1.39973	16.5605	9.8881	30.2189	0.2	250
-54.2966	1.3773	17.2789	9.88325	29.5491	0.2	250
-54.2979	1.35493	18.0126	9.87829	28.8569	0.2	250
-54.2991	1.33263	18.7627	9.87323	28.22	0.2	250
-54.3003	1.31042	19.5299	9.86804	27.5861	0.2	250
-54.3014	1.28833	20.3151	9.86274	26.9402	0.2	250
-54.3024	1.26638	21.1179	9.85731	26.3599	0.2	250
-54.3034	1.24486	21.9297	9.85183	25.8493	0.2	250
-54.3044	1.22384	22.7471	9.8463	25.3297	0.2	250
-54.3053	1.20331	23.5712	9.84074	24.8177	0.2	250
-54.3061	1.18324	24.4026	9.83512	24.3866	0.2	250
-54.3069	1.16361	25.242	9.82945	23.9523	0.2	250
-54.3076	1.14442	26.0901	9.82372	23.5602	0.2	250
-54.3084	1.12564	26.9475	9.81792	23.16	0.2	250
-54.309	1.10725	27.8146	9.81206	22.823	0.2	250
-54.3097	1.08925	28.6919	9.80614	22.5437	0.2	250
-54.3103	1.07163	29.5799	9.80014	22.2536	0.2	250
-54.3108	1.05437	30.4789	9.79406	22.0018	0.2	250
-54.3114	1.03746	31.3893	9.78791	21.7636	0.2	250
-54.3119	1.02089	32.3114	9.78168	21.5953	0.2	250
-54.3124	1.00466	33.2456	9.77537	21.3533	0.2	1250
-54.3129	0.988745	34.1922	9.76897	16.653	0.2	250
-54.3133	0.973149	35.1515	9.76249	17.3096	0.2	250
-54.3138	0.957859	36.1238	9.75592	18.0225	0.2	250
-54.3142	0.942868	37.1093	9.74926	18.9097	0.2	250
-54.3146	0.928168	38.1082	9.74251	21.1006	0.2	250
-54.3149	0.913751	39.1209	9.73567	21.1516	0.2	250
-54.3153	0.899612	40.1475	9.72873	21.233	0.2	250
-54.3156	0.885742	41.1883	9.7217	21.3247	0.2	250
-54.316	0.872135	42.2435	9.71457	21.4951	0.2	250
-54.3163	0.858785	43.3133	9.70734	21.7432	0.2	250
-54.3166	0.845685	44.3978	9.70001	22.0253	0.2	250
-54.3169	0.83283	45.4973	9.69259	22.3279	0.2	250
-54.3171	0.820214	46.612	9.68505	22.7385	0.2	250
-54.3174	0.80783	47.742	9.67742	23.2285	0.2	250
-54.3176	0.795675	48.8875	9.66968	23.7819	0.2	250
-54.3179	0.783741	50.0487	9.66183	24.4166	0.2	250
-54.3181	0.772024	51.2257	9.65388	25.0403	0.2	250
-54.3183	0.76052	52.4187	9.64582	25.9512	0.2	250
-54.3185	0.749222	53.6277	9.63765	26.9213	0.2	250
-54.3188	0.738127	54.853	9.62937	27.8669	0.2	250
-54.3189	0.727229	56.0947	9.62098	29.1384	0.2	250
-54.3191	0.716524	57.3529	9.61248	30.2716	0.2	250
-54.3193	0.706008	58.6278	9.60387	31.8951	0.2	250
-54.3195	0.695676	59.9193	9.59514	33.5634	0.2	250
-54.3197	0.685524	61.2277	9.5863	34.9034	0.2	250
-54.3198	0.675547	62.5531	9.57734	37.219	0.2	250
-54.32	0.665743	63.8954	9.56827	39.3107	0.2	250
-54.3201	0.656107	65.255	9.55909	41.4198	0.2	250
-54.3203	0.646634	66.6317	9.54979	43.8174	0.2	250
-54.3204	0.637322	68.0257	9.54037	46.4622	0.2	250
-54.3205	0.628167	69.4371	9.53083	49.1748	0.2	250
-54.3207	0.619164	70.866	9.52118	51.9812	0.2	250
-54.3208	0.610311	72.3123	9.5114	54.6458	0.2	250
-54.3209	0.601604	73.7762	9.50151	58.3612	0.2	250
-54.321	0.59304	75.2577	9.4915	61.7021	0.2	250
-54.3211	0.584615	76.7569	9.48137	65.3583	0.2	250
-54.3212	0.576326	78.2737	9.47112	68.4837	0.2	250
-54.3213	0.568169	79.8083	9.46075	72.5888	0.2	250
-54.3214	0.560142	81.3606	9.45027	75.9852	0.2	250
-54.3215	0.552242	82.9307	9.43966	80.179	0.2	250
-54.3216	0.544464	84.5187	9.42893	83.6895	0.2	250
-54.3217	0.536808	86.1244	9.41808	87.4006	0.2	250
-54.3218	0.529268	87.748	9.40711	90.3417	0.2	250
-54.3219	0.521842	89.3894	9.39602	94.1509	0.2	250
-54.322	0.514528	91.0487	9.38481	98.9409	0.2	250
-54.3221	0.500221	94.421	9.36202	103.821	0.2	250
-54.3221	0.507322	92.7259	9.37347	102.519	0.2	250
-54.3222	0.493223	96.1339	9.35045	106.3	0.2	250
-54.3223	0.47952	99.6138	9.32693	105.857	0.2	250
-54.3223	0.486324	97.8649	9.33875	107.019	0.2	250
-54.3224	0.47281	101.381	9.315	17.8625	0.2	250
-54.3225	0.459657	104.969	9.29075	9.39501	0.2	250
-54.3225	0.46619	103.166	9.30293	12.1703	0.2	250
-54.3226	0.453207	106.79	9.27844	7.66169	0.2	250
-54.3227	0.440541	110.489	9.25345	5.53209	0.2	250
-54.3227	0.446836	108.63	9.26601	6.39348	0.2	250
-54.3228	0.428164	114.263	9.22795	4.4663	0.2	250
-54.3228	0.434319	112.366	9.24077	4.9296	0.2	250
-54.3229	0.416023	118.123	9.20187	3.82548	0.2	250
-54.3229	0.42207	116.181	9.21499	4.10831	0.2	250
-54.323	0.403783	122.171	9.17452	3.45326	0.2	250
-54.323	0.409954	120.11	9.18845	3.63898	0.2	250
-54.3231	0.391114	126.527	9.14509	3.33457	0.2	250
-54.3231	0.397504	124.309	9.16007	3.406	0.2	250
-54.3232	0.377986	131.21	9.11345	3.34326	0.2	250
-54.3232	0.38461	128.826	9.12955	3.34229	0.2	250
-54.3233	0.364363	136.236	9.07949	3.24044	0.2	250
-54.3233	0.371238	133.68	9.09676	3.32645	0.2	250
-54.3234	0.35021	141.602	9.04323	2.64245	0.2	250
-54.3234	0.357355	138.877	9.06164	3.03025	0.2	250
-54.3235	0.336269	146.974	9.00693	1.61934	0.2	250
-54.3235	0.342924	144.403	9.0243	2.11524	0.2	250
-54.3236	0.32057	153.006	8.96618	0.781059	0.2	250
-54.3236	0.325372	151.173	8.97856	0.975546	0.2	250
-54.3236	0.330553	149.181	8.99202	1.24999	0.2	250
-54.3237	0.303879	159.149	8.92467	0.393593	0.2	250
-54.3237	0.307749	157.769	8.93399	0.454508	0.2	250
-54.3237	0.311802	156.291	8.94398	0.53398	0.2	250
-54.3237	0.316064	154.706	8.95469	0.64009	0.2	250
-54.3238	0.289885	163.749	8.89359	0.248749	0.2	250
-54.3238	0.293187	162.732	8.90046	0.275606	0.2	250
-54.3238	0.296612	161.628	8.90792	0.307134	0.2	250
-54.3238	0.300172	160.434	8.91599	0.34546	0.2	250
-54.3239	0.272244	168.015	8.86476	0.136496	0.2	250
-54.3239	0.274956	167.524	8.86808	0.15228	0.2	250
-54.3239	0.277752	166.944	8.872	0.168064	0.2	250
-54.3239	0.280638	166.276	8.87651	0.185341	0.2	250
-54.3239	0.283618	165.52	8.88162	0.204342	0.2	250
-54.3239	0.286698	164.678	8.88731	0.226098	0.2	250
-54.324	0.255318	168.855	8.85909	0.0608183	0.2	250
-54.324	0.257537	169.024	8.85794	0.0681524	0.2	250
-54.324	0.259817	169.094	8.85747	0.0769725	0.2	250
-54.324	0.262163	169.067	8.85766	0.0863005	0.2	250
-54.324	0.264575	168.944	8.85849	0.0972985	0.2	250
-54.324	0.267057	168.726	8.85996	0.109251	0.2	250
-54.324	0.269612	168.416	8.86205	0.122029	0.2	250
-54.3241	0.23782	162.469	8.90224	0.0241502	0.2	250
-54.3241	0.239564	163.642	8.89431	0.0264029	0.2	250
-54.3241	0.241355	164.693	8.88721	0.029028	0.2	250
-54.3241	0.243194	165.624	8.88092	0.0319341	0.2	250
-54.3241	0.245083	166.438	8.87542	0.035161	0.2	250
-54.3241	0.247022	167.139	8.87068	0.039057	0.2	250
-54.3241	0.249013	167.728	8.8667	0.0432885	0.2	250
-54.3241	0.251058	168.209	8.86345	0.0484412	0.2	250
-54.3241	0.25316	168.584	8.86092	0.0541249	0.2	250
-54.3242	0.222697	143.071	9.0333	0.0115022	0.2	250
-54.3242	0.224044	145.734	9.01531	0.0122888	0.2	250
-54.3242	0.225415	148.198	8.99866	0.0131222	0.2	250
-54.3242	0.226823	150.498	8.98312	0.0140434	0.2	250
-54.3242	0.22827	152.64	8.96865	0.0150659	0.2	250
-54.3242	0.229757	154.63	8.9552	0.0161461	0.2	250
-54.3242	0.231285	156.474	8.94274	0.0174092	0.2	250
-54.3242	0.232854	158.175	8.93125	0.0188312	0.2	250
-54.3242	0.234466	159.739	8.92068	0.0203919	0.2	250
-54.3242	0.23612	161.169	8.91102	0.0221645	0.2	250
-54.3243	0.210069	97.911	9.33844	0.00666338	0.2	250
-54.3243	0.211008	103.376	9.30151	0.00692491	0.2	250
-54.3243	0.211996	108.549	9.26656	0.0071916	0.2	250
-54.3243	0.213031	113.434	9.23355	0.00744537	0.2	250
-54.3243	0.214111	118.037	9.20245	0.00779529	0.2	250
-54.3243	0.215232	122.366	9.1732	0.00820951	0.2	250
-54.3243	0.216392	126.429	9.14575	0.00863407	0.2	250
-54.3243	0.217589	130.235	9.12004	0.00905255	0.2	250
-54.3243	0.21882	133.792	9.096	0.00957442	0.2	250
-54.3243	0.220083	137.11	9.07358	0.0101484	0.2	250
-54.3243	0.221376	140.2	9.0527	0.0108094	0.2	250
-54.3244	0.204023	27.7808	9.81229	0.00610599	0.2	250
-54.3244	0.204312	35.8074	9.75806	0.00602563	0.2	250
-54.3244	0.204679	43.7269	9.70455	0.00598827	0.2	250
-54.3244	0.205118	51.4046	9.65267	0.00597489	0.2	250
-54.3244	0.205633	58.9072	9.60198	0.00595524	0.2	250
-54.3244	0.206216	66.1354	9.55314	0.00599579	0.2	250
-54.3244	0.206865	73.0795	9.50622	0.00607332	0.2	250
-54.3244	0.207578	79.7325	9.46127	0.00616895	0.2	250
-54.3244	0.208351	86.0898	9.41831	0.00630092	0.2	250
-54.3244	0.209183	92.1494	9.37737	0.00648596	0.2	250
-54.3245	0.203609	3.63999	9.97541	0.00649705	0.2	250
-54.3245	0.203612	-4.28761	10.029	0.00664413	0.2	250
-54.3245	0.203674	11.6494	9.92129	0.00630373	0.2	250
-54.3245	0.203678	-12.1125	10.0818	0.00689174	0.2	250
-54.3245	0.203805	-19.821	10.1339	0.00713089	0.2	250
-54.3245	0.203811	19.7102	9.86682	0.00621019	0.2	250
-54.3245	0.203988	-27.4041	10.1852	0.00736566	0.2	250
-54.3245	0.204225	-34.8553	10.2355	0.00769119	0.2	250
-54.3245	0.204512	-42.1643	10.2849	0.00798483	0.2	250
-54.3245	0.204844	-49.2848	10.333	0.00834573	0.2	250
-54.3245	0.205229	-56.3761	10.3809	0.00875139	0.2	250
-54.3245	0.205665	-63.4228	10.4285	0.00919942	0.2	250
-54.3245	0.206152	-70.4095	10.4757	0.00967418	0.2	250
-54.3246	0.206689	-77.3217	10.5224	0.010252	0.2	250
-54.3246	0.207277	-84.145	10.5685	0.0108558	0.2	250
-54.3246	0.207913	-90.8661	10.614	0.0114921	0.2	250
-54.3246	0.208599	-97.4723	10.6586	0.0122302	0.2	250
-54.3246	0.209331	-103.952	10.7024	0.0130512	0.2	250
-54.3246	0.210111	-110.293	10.7452	0.014018	0.2	250
-54.3246	0.210936	-116.487	10.7871	0.0149831	0.2	250
-54.3246	0.211806	-122.525	10.8279	0.016157	0.2	250
-54.3246	0.212719	-128.398	10.8676	0.0174274	0.2	250
-54.3246	0.213674	-134.099	10.9061	0.0187614	0.2	250
-54.3246	0.21467	-139.624	10.9434	0.0203621	0.2	250
-54.3246	0.215705	-144.966	10.9795	0.0219954	0.2	250
-54.3246	0.216779	-150.123	11.0143	0.0238356	0.2	250
-54.3246	0.217889	-155.092	11.0479	0.0259043	0.2	250
-54.3247	0.219035	-159.87	11.0802	0.0281673	0.2	250
-54.3247	0.220215	-164.456	11.1112	0.0308359	0.2	250
-54.3247	0.221428	-168.851	11.1409	0.0333448	0.2	250
-54.3247	0.222672	-173.055	11.1693	0.0363975	0.2	250
-54.3247	0.223946	-177.069	11.1964	0.0396215	0.2	250
-54.3247	0.225435	-181.423	11.2258	0.0436484	0.2	250
-54.3247	0.22696	-185.536	11.2536	0.0474687	0.2	250
-54.3247	0.228518	-189.412	11.2798	0.0519362	0.2	250
-54.3247	0.230107	-193.056	11.3044	0.0567895	0.2	250
-54.3247	0.231726	-196.475	11.3275	0.0623654	0.2	250
-54.3247	0.233372	-199.674	11.3491	0.0671113	0.2	250
-54.3247	0.235043	-202.661	11.3693	0.0735219	0.2	250
-54.3247	0.236739	-205.443	11.3881	0.0795688	0.2	250
-54.3248	0.238457	-208.026	11.4056	0.0857085	0.2	250
-54.3248	0.240438	-210.737	11.4239	0.0934459	0.2	250
-54.3248	0.242444	-213.211	11.4406	0.102359	0.2	250
-54.3248	0.244472	-215.462	11.4558	0.111585	0.2	250
-54.3248	0.24652	-217.5	11.4696	0.122351	0.2	250
-54.3248	0.248586	-219.336	11.482	0.133366	0.2	250
-54.3248	0.250669	-220.981	11.4931	0.146816	0.2	250
-54.3248	0.253074	-222.646	11.5044	0.163558	0.2	250
-54.3248	0.255496	-224.089	11.5141	0.182369	0.2	250
-54.3248	0.257933	-225.327	11.5225	0.204368	0.2	250
-54.3249	0.260382	-226.373	11.5295	0.230108	0.2	250
-54.3249	0.262841	-227.24	11.5354	0.25962	0.2	250
-54.3249	0.265652	-228.028	11.5407	0.297959	0.2	250
-54.3249	0.268471	-228.619	11.5447	0.344238	0.2	250
-54.3249	0.271296	-229.031	11.5475	0.397209	0.2	250
-54.3249	0.274126	-229.28	11.5492	0.458307	0.2	250
-54.3249	0.27744	-229.382	11.5499	0.539269	0.2	250
-54.3249	0.280755	-229.302	11.5493	0.637249	0.2	250
-54.325	0.284067	-229.058	11.5477	0.744419	0.2	250
-54.325	0.287374	-228.669	11.5451	0.859965	0.2	250
-54.325	0.291169	-228.064	11.541	0.998523	0.2	250
-54.325	0.294951	-227.311	11.5359	1.13597	0.2	250
-54.325	0.29872	-226.429	11.5299	1.25917	0.2	250
-54.325	0.303195	-225.233	11.5218	1.38838	0.2	250
-54.3251	0.307645	-223.906	11.5129	1.50516	0.2	250
-54.3251	0.312067	-222.47	11.5032	1.58796	0.2	250
-54.3251	0.317156	-220.696	11.4912	1.65971	0.2	250
-54.3251	0.322203	-218.827	11.4786	1.71454	0.2	250
-54.3252	0.328472	-216.384	11.4621	1.77617	0.2	250
-54.3252	0.334669	-213.863	11.445	1.83935	0.2	250
-54.3252	0.34352	-210.129	11.4198	1.97647	0.2	250
-54.3253	0.35098	-206.897	11.398	2.10865	0.2	250
-54.3253	0.358326	-203.67	11.3761	2.30533	0.2	250
-54.3253	0.365556	-200.469	11.3545	2.57959	0.2	250
-54.3254	0.372672	-197.311	11.3332	2.89393	0.2	250
-54.3254	0.379676	-194.21	11.3122	3.3283	0.2	250
-54.3254	0.386571	-191.172	11.2917	3.92705	0.2	250
-54.3255	0.393358	-188.205	11.2717	4.68548	0.2	250
-54.3255	0.40004	-185.313	11.2521	5.69097	0.2	250
-54.3256	0.407551	-182.1	11.2304	7.3478	0.2	250
-54.3256	0.414933	-178.988	11.2094	9.97084	0.2	250
-54.3256	0.42219	-175.977	11.189	15.3007	0.2	250
-54.3257	0.429326	-173.065	11.1694	50.3747	0.2	250
-54.3257	0.436345	-170.251	11.1503	64.9568	0.2	250
-54.3258	0.444179	-167.169	11.1295	68.8997	0.2	250
-54.3258	0.451873	-164.206	11.1095	69.711	0.2	250
-54.3259	0.459431	-161.355	11.0902	69.0586	0.2	250
-54.3259	0.46686	-158.613	11.0717	67.5261	0.2	250
-54.326	0.475239	-155.591	11.0513	64.823	0.2	250
-54.326	0.48346	-152.699	11.0317	63.1415	0.2	250
-54.3261	0.49153	-149.928	11.013	60.4416	0.2	250
-54.3261	0.499455	-147.273	10.9951	58.2175	0.2	250
-54.3262	0.508461	-144.333	10.9752	56.2892	0.2	250
-54.3262	0.51729	-141.53	10.9563	53.0397	0.2	250
-54.3263	0.52595	-138.854	10.9382	51.0364	0.2	250
-54.3264	0.534448	-136.298	10.9209	48.7854	0.2	250
-54.3264	0.544164	-133.458	10.9017	46.2713	0.2	250
-54.3265	0.55368	-130.759	10.8835	43.8655	0.2	250
-54.3266	0.563007	-128.191	10.8662	41.6271	0.2	250
-54.3267	0.572153	-125.744	10.8496	38.8393	0.2	250
-54.3267	0.582666	-123.016	10.8312	36.6976	0.2	250
-54.3268	0.592954	-120.432	10.8137	34.7126	0.2	250
-54.3269	0.60303	-117.979	10.7972	33.0789	0.2	250
-54.327	0.612903	-115.648	10.7814	31.1965	0.2	250
-54.3271	0.624317	-113.039	10.7638	29.6506	0.2	250
-54.3272	0.635478	-110.574	10.7471	28.1535	0.2	250
-54.3273	0.646399	-108.241	10.7314	26.8632	0.2	250
-54.3274	0.657093	-106.028	10.7164	25.7166	0.2	250
-54.3275	0.668953	-103.655	10.7004	24.613	0.2	250
-54.3276	0.680552	-101.412	10.6852	23.6711	0.2	250
-54.3277	0.691905	-99.2893	10.6709	22.8708	0.2	250
-54.3279	0.704524	-97.0088	10.6555	22.1004	0.2	250
-54.328	0.716859	-94.8574	10.6409	21.457	0.2	250
-54.3281	0.728925	-92.8238	10.6272	20.9028	0.2	250
-54.3283	0.742371	-90.6365	10.6124	20.3457	0.2	250
-54.3284	0.755505	-88.5763	10.5985	19.9441	0.2	250
-54.3286	0.768346	-86.6318	10.5853	19.6205	0.2	250
-54.3287	0.782691	-84.5372	10.5712	19.311	0.2	250
-54.3289	0.796695	-82.5675	10.5579	19.0796	0.2	250
-54.3291	0.810378	-80.7111	10.5453	18.9388	0.2	250
-54.3293	0.825703	-78.7083	10.5318	18.8277	0.2	250
-54.3294	0.840654	-76.8278	10.5191	18.7605	0.2	250
-54.3296	0.855254	-75.0581	10.5071	18.7077	0.2	250
-54.3299	0.871649	-73.1455	10.4942	18.7294	0.2	250
-54.3301	0.887633	-71.3525	10.4821	18.7993	0.2	250
-54.3303	0.903234	-69.6677	10.4707	18.8493	0.2	1250
-54.3306	0.9208	-67.8432	10.4584	15.6759	0.2	250
-54.3308	0.937915	-66.1357	10.4469	15.8176	0.2	250
-54.3311	0.954607	-64.5334	10.436	19.2463	0.2	250
-54.3314	0.973458	-62.7947	10.4243	19.5256	0.2	250
-54.3317	0.991812	-61.1702	10.4133	19.7757	0.2	250
-54.332	1.0097	-59.648	10.403	20.026	0.2	250
-54.3323	1.02997	-57.9924	10.3918	20.3694	0.2	250
-54.3326	1.04968	-56.448	10.3814	20.7146	0.2	250
-54.333	1.06888	-55.0032	10.3716	21.0715	0.2	250
-54.3334	1.09071	-53.4275	10.361	21.4798	0.2	250
-54.3338	1.11193	-51.9602	10.3511	21.9214	0.2	250
-54.3342	1.13257	-50.5897	10.3418	22.3949	0.2	250
-54.3347	1.15613	-49.0905	10.3317	22.9275	0.2	250
-54.3351	1.17901	-47.697	10.3223	23.4751	0.2	250
-54.3356	1.20125	-46.3975	10.3135	24.0183	0.2	250
-54.3362	1.22675	-44.9709	10.3039	24.6847	0.2	250
-54.3367	1.25148	-43.6475	10.2949	25.329	0.2	250
-54.3373	1.27549	-42.4155	10.2866	26.0155	0.2	250
-54.338	1.30315	-41.0574	10.2774	26.8092	0.2	250
-54.3386	1.32995	-39.8	10.2689	27.5714	0.2	250
-54.3393	1.35594	-38.6317	10.261	28.3245	0.2	250
-54.3401	1.38606	-37.337	10.2523	29.3359	0.2	250
-54.3409	1.4152	-36.1413	10.2442	30.2308	0.2	250
-54.3417	1.44342	-35.0324	10.2367	31.1471	0.2	250
-54.3426	1.47637	-33.7951	10.2283	32.2391	0.2	250
-54.3436	1.50818	-32.6552	10.2206	33.3937	0.2	250
-54.3445	1.53894	-31.6006	10.2135	34.4811	0.2	250
-54.3457	1.57443	-30.4382	10.2057	35.841	0.2	250
-54.3468	1.60865	-29.3687	10.1984	37.1839	0.2	250
-54.348	1.64169	-28.3804	10.1918	38.4304	0.2	250
-54.3493	1.67855	-27.3255	10.1846	39.9354	0.2	250
-54.3506	1.71407	-26.3533	10.1781	41.2964	0.2	250
-54.3519	1.74836	-25.4536	10.172	42.8171	0.2	250
-54.3535	1.78654	-24.4931	10.1655	44.3763	0.2	250
-54.355	1.82331	-23.6065	10.1595	46.0302	0.2	250
-54.3565	1.85877	-22.7847	10.154	47.6254	0.2	250
-54.3583	1.89818	-21.9071	10.148	49.3988	0.2	250
-54.3601	1.9361	-21.0957	10.1425	51.192	0.2	250
-54.3618	1.97264	-20.3423	10.1374	53.0108	0.2	250
-54.3638	2.01316	-19.5375	10.132	54.9578	0.2	250
-54.3659	2.05211	-18.7921	10.127	56.7936	0.2	250
-54.3679	2.08959	-18.0989	10.1223	58.6665	0.2	250
-54.3703	2.13105	-17.3579	10.1173	60.9921	0.2	250
-54.3726	2.17084	-16.6704	10.1126	63.0519	0.2	250
-54.3749	2.20908	-16.03	10.1083	65.1661	0.2	250
-54.3776	2.25126	-15.3449	10.1037	67.5134	0.2	250
-54.3803	2.29166	-14.7081	10.0994	69.6687	0.2	250
-54.383	2.33041	-14.114	10.0954	72.0184	0.2	250
-54.3861	2.37302	-13.4778	10.0911	74.286	0.2	250
-54.3892	2.41374	-12.8854	10.0871	76.879	0.2	250
-54.3923	2.45269	-12.3316	10.0833	79.1378	0.2	250
-54.3958	2.49536	-11.7381	10.0793	81.9116	0.2	250
-54.3994	2.536	-11.1844	10.0756	84.1977	0.2	250
-54.4029	2.57474	-10.666	10.0721	86.9109	0.2	250
-54.407	2.617	-10.1097	10.0683	89.3501	0.2	250
-54.411	2.65707	-9.5898	10.0648	92.1587	0.2	250
-54.4151	2.69509	-9.10219	10.0615	94.6384	0.2	250
-54.4198	2.73634	-8.57824	10.058	97.6139	0.2	250
-54.4245	2.77522	-8.08775	10.0546	100.109	0.2	250
-54.4291	2.81188	-7.627	10.0515	102.481	0.2	250
-54.4345	2.85135	-7.13127	10.0482	105.463	0.2	250
-54.4398	2.88825	-6.66648	10.045	108.229	0.2	250
-54.4452	2.92274	-6.22924	10.0421	110.429	0.2	250
-54.4513	2.95948	-5.7583	10.0389	112.972	0.2	250
-54.4574	2.99343	-5.31615	10.0359	115.464	0.2	250
-54.4636	3.02474	-4.89973	10.0331	118.201	0.2	250
-54.4706	3.05757	-4.45098	10.0301	120.621	0.2	250
-54.4776	3.08735	-4.02924	10.0272	123.061	0.2	250
-54.4846	3.11424	-3.63174	10.0245	124.594	0.2	250
-54.4927	3.14169	-3.2037	10.0216	127.324	0.2	250
-54.5007	3.16581	-2.80126	10.0189	129.101	0.2	250
-54.5088	3.18678	-2.42186	10.0164	130.881	0.2	250
-54.5179	3.20706	-2.01527	10.0136	131.866	0.2	250
-54.5271	3.22373	-1.63307	10.011	133.491	0.2	250
-54.5362	3.237	-1.27295	10.0086	135.005	0.2	250
-54.5469	3.24852	-0.875816	10.0059	135.218	0.2	250
-54.5577	3.25591	-0.503807	10.0034	135.81	0.2	250
-54.5684	3.25942	-0.154696	10.001	136.835	0.2	250
-54.5792	3.2593	0.173404	9.99883	136.173	0.2	250
-54.5913	3.25504	0.522137	9.99647	135.926	0.2	250
-54.6035	3.24668	0.847891	9.99427	135.32	0.2	250
-54.6157	3.23447	1.15235	9.99221	134.324	0.2	250
-54.6279	3.21868	1.43694	9.99029	132.689	0.2	250
-54.6401	3.19954	1.70289	9.98849	131.46	0.2	250
-54.6522	3.17727	1.95123	9.98682	130.211	0.2	250
-54.6644	3.15207	2.18288	9.98525	128.182	0.2	250
-54.6766	3.12416	2.39863	9.98379	125.965	0.2	250
-54.6888	3.0937	2.59914	9.98244	123.669	0.2	250
-54.701	3.0609	2.78502	9.98118	120.981	0.2	250
-54.713	3.02633	2.95489	9.98003	118.236	0.2	250
-54.7251	2.98979	3.11142	9.97898	115.381	0.2	250
-54.7369	2.95201	3.25308	9.97802	112.799	0.2	250
-54.7488	2.91261	3.3825	9.97715	109.729	0.2	250
-54.7605	2.87235	3.49839	9.97636	107.033	0.2	250
-54.7722	2.83081	3.60298	9.97566	104.246	0.2	250
-54.7837	2.78866	3.69539	9.97503	101.178	0.2	250
-54.7953	2.7455	3.77728	9.97448	97.9817	0.2	250
-54.8068	2.70146	3.84887	9.97399	95.2869	0.2	250
-54.8184	2.65665	3.91037	9.97358	92.23	0.2	250
-54.8299	2.61118	3.96202	9.97323	89.1066	0.2	250
-54.8415	2.56518	4.00403	9.97295	86.2411	0.2	250
-54.853	2.51875	4.03664	9.97273	83.2046	0.2	250
-54.8646	2.47199	4.06008	9.97257	80.3164	0.2	250
-54.8761	2.42501	4.07463	9.97247	77.7259	0.2	250
-54.8877	2.37792	4.08055	9.97243	74.8265	0.2	250
-54.8992	2.3308	4.07815	9.97244	71.9518	0.2	250
-54.9108	2.28376	4.06775	9.97252	69.3711	0.2	250
-54.9223	2.23688	4.0497	9.97264	66.6761	0.2	250
-54.9339	2.19026	4.02439	9.97281	64.2968	0.2	250
-54.947	2.13765	3.98734	9.97306	61.4481	0.2	250
-54.9601	2.08559	3.94211	9.97336	58.7515	0.2	250
-54.9732	2.03417	3.88943	9.97372	56.2058	0.2	250
-54.9864	1.98348	3.8301	9.97412	53.6535	0.2	250
-54.9995	1.93362	3.76495	9.97456	51.2813	0.2	250
-55.0126	1.88464	3.69485	9.97503	48.9212	0.2	250
-55.0278	1.82936	3.60909	9.97561	46.46	0.2	250
-55.0429	1.77541	3.51934	9.97622	44.1882	0.2	250
-55.0605	1.71458	3.412	9.97695	41.5288	0.2	250
-55.0814	1.64439	3.28154	9.97783	38.7734	0.2	250
-55.0995	1.58606	3.16863	9.97859	36.559	0.2	250
-55.1137	1.54182	3.08021	9.97919	34.912	0.2	250
-55.126	1.50434	3.00279	9.97971	33.5584	0.2	250
-55.1371	1.47128	2.93174	9.98019	32.4479	0.2	250
-55.1474	1.44152	2.86442	9.98065	31.448	0.2	250
-55.157	1.41439	2.79899	9.98109	30.571	0.2	250
-55.166	1.38945	2.73402	9.98153	29.7343	0.2	250
-55.1745	1.36641	2.66835	9.98197	29.0747	0.2	250
-55.1826	1.34512	2.60114	9.98242	28.4285	0.2	250
-55.1902	1.32571	2.53274	9.98289	27.7831	0.2	250
-55.1973	1.30799	2.46266	9.98336	27.3384	0.2	250
-55.204	1.29169	2.39017	9.98385	26.8932	0.2	250
-55.2104	1.27664	2.31468	9.98436	26.4672	0.2	250
-55.2165	1.26268	2.23571	9.98489	26.1044	0.2	250
-55.2224	1.24971	2.15288	9.98545	25.7554	0.2	250
-55.2281	1.23762	2.06582	9.98604	25.4309	0.2	250
-55.2337	1.22635	1.97426	9.98666	25.1496	0.2	250
-55.2392	1.21584	1.87791	9.98731	24.897	0.2	250
-55.2445	1.20605	1.77666	9.988	24.6455	0.2	250
-55.2498	1.197	1.67116	9.98871	24.4371	0.2	250
-55.2549	1.18877	1.56298	9.98944	24.2326	0.2	250
-55.2598	1.18132	1.45259	9.99019	24.0523	0.2	250
-55.2646	1.17459	1.34046	9.99094	23.9097	0.2	250
-55.2693	1.16854	1.22701	9.99171	23.7741	0.2	250
-55.274	1.16311	1.11189	9.99249	23.6505	0.2	250
-55.2786	1.15821	0.994393	9.99328	23.5346	0.2	250
-55.2833	1.15387	0.875378	9.99409	23.4185	0.2	250
-55.2879	1.15008	0.755806	9.99489	23.3441	0.2	250
-55.2926	1.14684	0.636734	9.9957	23.2886	0.2	250
-55.2972	1.14416	0.519299	9.99649	23.2205	0.2	250
-55.3019	1.14201	0.40469	9.99727	23.1695	0.2	250
-55.3065	1.14039	0.294126	9.99801	23.1472	0.2	250
-55.3112	1.13927	0.18883	9.99872	23.1209	0.2	250
-55.3158	1.13863	0.089999	9.99939	23.0916	0.2	250
-55.3205	1.13842	-0.00121893	10	23.1015	0.2	250
-55.3251	1.13862	-0.0837481	10.0006	23.0693	0.2	250
-55.3298	1.13919	-0.156605	10.0011	23.1185	0.2	250
-55.3344	1.14006	-0.218914	10.0015	23.1365	0.2	250
-55.339	1.1412	-0.269915	10.0018	23.159	0.2	250
-55.3437	1.14255	-0.308973	10.0021	23.1761	0.2	250
-55.3483	1.14405	-0.335578	10.0023	23.2168	0.2	250
-55.353	1.14565	-0.349339	10.0024	23.2363	0.2	250
-55.3576	1.14728	-0.349982	10.0024	23.281	0.2	250
-55.3623	1.14888	-0.337337	10.0023	23.3039	0.2	250
-55.3669	1.1504	-0.311333	10.0021	23.3037	0.2	250
-55.3716	1.15176	-0.27198	10.0018	23.3661	0.2	250
-55.3762	1.1529	-0.219361	10.0015	23.3988	0.2	250
-55.3809	1.15378	-0.153619	10.001	23.4241	0.2	250
-55.3855	1.15431	-0.0749506	10.0005	23.4326	0.2	250
-55.3902	1.15445	0.0164098	9.99989	23.4345	0.2	250
-55.3948	1.15414	0.12019	9.99919	23.4342	0.2	250
-55.3995	1.15332	0.23609	9.9984	23.3919	0.2	250
-55.4039	1.15199	0.359064	9.99757	23.3952	0.2	250
-55.4083	1.15015	0.488328	9.9967	23.3588	0.2	250
-55.4125	1.14781	0.623128	9.99579	23.302	0.2	250
-55.4166	1.14497	0.762738	9.99485	23.2519	0.2	250
-55.4206	1.14164	0.906445	9.99388	23.1666	0.2	250
-55.4245	1.13782	1.05355	9.99288	23.1066	0.2	250
-55.4283	1.13353	1.20337	9.99187	23.0143	0.2	250
-55.432	1.12878	1.35523	9.99084	22.9211	0.2	250
-55.4356	1.12359	1.50844	9.98981	22.8045	0.2	250
-55.4392	1.11797	1.66234	9.98877	22.6965	0.2	250
-55.4426	1.11195	1.81627	9.98773	22.5598	0.2	250
-55.446	1.10555	1.96955	9.98669	22.4588	0.2	250
-55.4493	1.09878	2.12152	9.98567	22.31	0.2	250
-55.4526	1.09166	2.27148	9.98465	22.2044	0.2	250
-55.4558	1.08423	2.41874	9.98366	22.0819	0.2	250
-55.4589	1.07649	2.56254	9.98269	21.9351	0.2	250
-55.4619	1.06849	2.70174	9.98174	21.8056	0.2	250
-55.4649	1.06007	2.83838	9.98082	21.6759	0.2	250
-55.468	1.05123	2.97114	9.97992	21.5394	0.2	250
-55.471	1.04201	3.09848	9.97906	21.3972	0.2	250
-55.4741	1.03241	3.21857	9.97825	21.2697	0.2	250
-55.4771	1.02245	3.32931	9.9775	21.1294	0.2	250
-55.4801	1.01218	3.42825	9.97684	20.9909	0.2	250
-55.4832	1.00163	3.51258	9.97627	20.8821	0.2	250
-55.4862	0.990842	3.57909	9.97582	20.7509	0.2	1250
-55.4891	0.980399	3.62258	9.97552	17.1079	0.2	250
-55.4918	0.970517	3.64255	9.97539	17.2425	0.2	250
-55.4944	0.961149	3.64	9.97541	16.3965	0.2	250
-55.4969	0.952265	3.6156	9.97557	18.1299	0.2	250
-55.4992	0.943848	3.56985	9.97588	18.5395	0.2	250
-55.5014	0.935901	3.50331	9.97633	16.3724	0.2	250
-55.5036	0.92854	3.41812	9.9769	20.3646	0.2	1250
-55.5056	0.92175	3.316	9.97759	20.3102	0.2	1250
-55.5075	0.915479	3.19802	9.97839	20.2746	0.2	250
-55.5094	0.909691	3.0651	9.97929	20.3034	0.2	250
-55.5111	0.904359	2.91812	9.98028	20.2786	0.2	250
-55.5129	0.899463	2.75798	9.98137	20.2802	0.2	250
-55.5145	0.894989	2.58563	9.98253	20.3167	0.2	250
-55.5162	0.890943	2.40286	9.98376	20.3293	0.2	250
-55.5178	0.887206	2.20485	9.9851	20.3151	0.2	250
-55.5194	0.883802	1.99214	9.98654	20.3173	0.2	250
-55.521	0.880754	1.76548	9.98807	20.3293	0.2	250
-55.5226	0.878084	1.52588	9.98969	20.3452	0.2	250
-55.5243	0.875812	1.27457	9.99139	20.338	0.2	250
-55.5259	0.873957	1.01303	9.99316	20.345	0.2	250
-55.5275	0.872532	0.742941	9.99498	20.3338	0.2	250
-55.5291	0.871551	0.466184	9.99685	20.3564	0.2	250
-55.5307	0.871023	0.184797	9.99875	20.3778	0.2	250
-55.5324	0.870953	-0.0990662	10.0007	20.353	0.2	250
-55.534	0.871344	-0.383176	10.0026	20.3711	0.2	250
-55.5356	0.872195	-0.665278	10.0045	20.3576	0.2	250
-55.5372	0.873499	-0.943146	10.0064	20.3402	0.2	250
-55.5389	0.87525	-1.21463	10.0082	20.3227	0.2	250
-55.5405	0.877433	-1.47768	10.01	20.2968	0.2	250
-55.5421	0.880035	-1.73043	10.0117	20.2811	0.2	250
-55.5437	0.883038	-1.97119	10.0133	20.258	0.2	250
-55.5453	0.88642	-2.1985	10.0149	20.2285	0.2	250
-55.547	0.890159	-2.4111	10.0163	20.2003	0.2	250
-55.5486	0.89423	-2.608	10.0176	20.2034	0.2	250
-55.5502	0.898607	-2.78843	10.0188	20.1897	0.2	250
-55.5518	0.903262	-2.95186	10.0199	20.1814	0.2	250
-55.5534	0.908169	-3.09797	10.0209	20.1549	0.2	250
-55.5553	0.914011	-3.24279	10.0219	20.1538	0.2	250
-55.5571	0.920099	-3.36521	10.0227	20.1638	0.2	1250
-55.559	0.926393	-3.4656	10.0234	20.186	0.2	1250
-55.5608	0.932851	-3.54452	10.0239	17.9584	0.2	250
-55.563	0.940538	-3.61043	10.0244	16.819	0.2	250
-55.5651	0.948338	-3.64954	10.0247	17.267	0.2	250
-55.5673	0.956194	-3.66338	10.0248	16.0418	0.2	250
-55.5698	0.965522	-3.64927	10.0247	16.063	0.2	250
-55.5724	0.974774	-3.60461	10.0244	17.2855	0.2	250
-55.5753	0.985348	-3.51781	10.0238	20.5772	0.2	1250
-55.5783	0.995614	-3.39746	10.023	20.6828	0.2	250
-55.5813	1.00548	-3.24737	10.0219	20.8119	0.2	250
-55.5841	1.0144	-3.0803	10.0208	20.9242	0.2	250
-55.5868	1.02261	-2.89756	10.0196	21.0065	0.2	250
-55.5895	1.03016	-2.70054	10.0182	21.138	0.2	250
-55.5922	1.03705	-2.49147	10.0168	21.2489	0.2	250
-55.5948	1.04337	-2.26893	10.0153	21.3476	0.2	250
-55.5974	1.04902	-2.03711	10.0138	21.4346	0.2	250
-55.6001	1.05404	-1.79443	10.0121	21.5104	0.2	250
-55.6027	1.05842	-1.5418	10.0104	21.5851	0.2	250
-55.6053	1.06212	-1.27995	10.0086	21.6547	0.2	250
-55.6079	1.06513	-1.00951	10.0068	21.6918	0.2	250
-55.6106	1.06741	-0.730983	10.0049	21.75	0.2	250
-55.6132	1.06895	-0.444789	10.003	21.7742	0.2	250
-55.6158	1.06973	-0.154349	10.001	21.7989	0.2	250
-55.6184	1.06975	0.143017	9.99903	21.8017	0.2	250
-55.6209	1.069	0.442465	9.99701	21.7794	0.2	250
-55.6235	1.06748	0.748269	9.99494	21.765	0.2	250
-55.626	1.0652	1.05681	9.99286	21.7206	0.2	250
-55.6285	1.06218	1.36722	9.99076	21.6954	0.2	250
-55.631	1.05844	1.67861	9.98866	21.6358	0.2	250
-55.6334	1.054	1.99013	9.98655	21.5324	0.2	250
-55.6358	1.0489	2.30091	9.98445	21.4695	0.2	250
-55.6381	1.04319	2.6101	9.98236	21.3805	0.2	250
-55.6404	1.03688	2.9169	9.98029	21.3229	0.2	250
-55.6426	1.03003	3.22051	9.97824	21.2228	0.2	250
-55.6448	1.02267	3.52016	9.97622	21.1195	0.2	250
-55.6469	1.01484	3.81509	9.97422	21.0374	0.2	250
-55.649	1.00658	4.10456	9.97227	20.9349	0.2	250
-55.651	0.997926	4.38783	9.97035	20.8213	0.2	250
-55.653	0.9889	4.66417	9.96849	20.7668	0.2	1250
-55.655	0.97953	4.93278	9.96667	17.2235	0.2	250
-55.6569	0.969839	5.19281	9.96491	17.1165	0.2	250
-55.6588	0.959858	5.44298	9.96322	17.0544	0.2	250
-55.6607	0.949413	5.68636	9.96158	17.4889	0.2	250
-55.6625	0.93852	5.92052	9.96	17.2208	0.2	250
-55.6644	0.927198	6.14249	9.9585	20.3747	0.2	1250
-55.6663	0.915474	6.34866	9.9571	20.3766	0.2	250
-55.6682	0.903381	6.53466	9.95585	20.3768	0.2	250
-55.6703	0.888981	6.71782	9.95461	20.4133	0.2	250
-55.6725	0.87423	6.85713	9.95367	20.5305	0.2	250
-55.6743	0.862038	6.93003	9.95318	20.625	0.2	250
-55.6758	0.851288	6.95777	9.95299	20.7305	0.2	250
-55.6772	0.841487	6.9488	9.95305	20.8792	0.2	250
-55.6785	0.832422	6.90711	9.95333	21.0526	0.2	250
-55.6798	0.823977	6.83509	9.95382	21.1934	0.2	250
-55.6809	0.81608	6.73437	9.9545	21.418	0.2	250
-55.682	0.80868	6.60616	9.95536	21.6057	0.2	250
-55.6831	0.801744	6.45149	9.95641	21.7882	0.2	250
-55.6841	0.795244	6.27126	9.95763	22.0115	0.2	250
-55.6851	0.789162	6.06632	9.95901	22.1735	0.2	250
-55.6861	0.783481	5.83752	9.96056	22.3646	0.2	250
-55.687	0.77819	5.58572	9.96226	22.5897	0.2	250
-55.6879	0.773279	5.31183	9.96411	22.761	0.2	250
-55.6888	0.76874	5.01683	9.9661	22.9808	0.2	250
-55.6896	0.764567	4.70175	9.96823	23.161	0.2	250
-55.6905	0.760755	4.3677	9.97049	23.3914	0.2	250
-55.6913	0.757298	4.01587	9.97287	23.5039	0.2	250
-55.6921	0.754192	3.64738	9.97536	23.7254	0.2	250
-55.6929	0.751428	3.26245	9.97796	23.8101	0.2	250
-55.6937	0.748979	2.85774	9.98069	23.9364	0.2	250
-55.6945	0.746861	2.43474	9.98355	24.0665	0.2	250
-55.6953	0.745089	1.99526	9.98652	24.1336	0.2	250
-55.6961	0.743674	1.54136	9.98959	24.1943	0.2	250
-55.6969	0.742626	1.07536	9.99273	24.2741	0.2	250
-55.6977	0.741956	0.599817	9.99595	24.2515	0.2	250
-55.6985	0.741669	0.117443	9.99921	24.2745	0.2	250
-55.6993	0.741769	-0.368904	10.0025	24.222	0.2	250
-55.7001	0.742259	-0.856286	10.0058	24.2861	0.2	250
-55.7009	0.743138	-1.34175	10.0091	24.1377	0.2	250
-55.7017	0.744404	-1.82236	10.0123	24.0953	0.2	250
-55.7025	0.746051	-2.2953	10.0155	23.8778	0.2	250
-55.7033	0.748073	-2.75787	10.0186	23.8127	0.2	250
-55.7041	0.75046	-3.20757	10.0217	23.5486	0.2	250
-55.7049	0.7532	-3.64212	10.0246	23.4101	0.2	250
-55.7057	0.756281	-4.05952	10.0274	23.2778	0.2	250
-55.7065	0.759688	-4.45802	10.0301	22.9632	0.2	250
-55.7073	0.763407	-4.83618	10.0327	22.8412	0.2	250
-55.7081	0.767419	-5.19284	10.0351	22.6587	0.2	250
-55.709	0.772348	-5.57353	10.0377	22.4221	0.2	250
-55.7099	0.777612	-5.92409	10.04	22.1812	0.2	250
-55.7108	0.783183	-6.24412	10.0422	21.9591	0.2	250
-55.7118	0.789033	-6.53361	10.0441	21.7503	0.2	250
-55.7127	0.795135	-6.7929	10.0459	21.4736	0.2	250
-55.7136	0.801459	-7.0226	10.0474	21.3356	0.2	250
-55.7146	0.809026	-7.25275	10.049	21.1213	0.2	250
-55.7157	0.816818	-7.44611	10.0503	20.9331	0.2	250
-55.7168	0.824795	-7.60461	10.0514	20.6959	0.2	250
-55.7178	0.832923	-7.73033	10.0522	20.61	0.2	250
-55.7191	0.842571	-7.83868	10.053	20.4621	0.2	250
-55.7203	0.852329	-7.90875	10.0534	20.3416	0.2	250
-55.7215	0.862152	-7.94404	10.0537	20.227	0.2	250
-55.723	0.873479	-7.946	10.0537	20.1651	0.2	250
-55.7244	0.884781	-7.91125	10.0535	20.1065	0.2	250
-55.7262	0.898689	-7.82387	10.0529	20.0753	0.2	250
-55.7279	0.912404	-7.6946	10.052	20.05	0.2	250
-55.7305	0.93159	-7.44953	10.0503	16.0979	0.2	250
-55.7327	0.948333	-7.17967	10.0485	17.3136	0.2	250
-55.735	0.964415	-6.87404	10.0464	16.9218	0.2	250
-55.7373	0.979766	-6.54047	10.0442	20.5341	0.2	1250
-55.7396	0.994327	-6.18517	10.0418	20.6423	0.2	250
-55.7419	1.00805	-5.81297	10.0393	20.8056	0.2	250
-55.7442	1.02092	-5.42764	10.0367	20.9784	0.2	250
-55.7465	1.03288	-5.03206	10.034	21.1478	0.2	250
-55.7488	1.04394	-4.62839	10.0313	21.3192	0.2	250
-55.751	1.05406	-4.21824	10.0285	21.4835	0.2	250
-55.7533	1.06323	-3.80275	10.0257	21.6232	0.2	250
-55.7559	1.0725	-3.32524	10.0225	21.796	0.2	250
-55.7585	1.08051	-2.84253	10.0192	21.9366	0.2	250
-55.7611	1.08727	-2.35493	10.0159	22.0536	0.2	250
-55.7637	1.09275	-1.86242	10.0126	22.1597	0.2	250
-55.7663	1.09695	-1.36473	10.0092	22.2343	0.2	250
-55.7689	1.09984	-0.861381	10.0058	22.3152	0.2	250
-55.7715	1.10142	-0.351711	10.0024	22.3592	0.2	250
-55.7741	1.10166	0.165097	9.99888	22.3608	0.2	250
-55.7767	1.10055	0.690005	9.99534	22.3491	0.2	250
-55.7793	1.09807	1.2241	9.99173	22.3205	0.2	250
-55.7819	1.09418	1.76859	9.98805	22.2177	0.2	250
-55.7845	1.08895	2.31707	9.98434	22.1622	0.2	250
-55.787	1.08244	2.86681	9.98063	22.0494	0.2	250
-55.7894	1.07476	3.41499	9.97693	21.9209	0.2	250
-55.7918	1.06604	3.95906	9.97325	21.7745	0.2	250
-55.7941	1.05641	4.49691	9.96962	21.6433	0.2	250
-55.7963	1.04599	5.02697	9.96603	21.449	0.2	250
-55.7984	1.0349	5.54818	9.96251	21.3234	0.2	250
-55.8004	1.02325	6.05992	9.95905	21.1883	0.2	250
-55.8023	1.01113	6.56189	9.95566	21.034	0.2	250
-55.8041	0.998612	7.054	9.95234	20.9249	0.2	250
-55.8059	0.985747	7.53631	9.94908	17.9994	0.2	250
-55.8076	0.972579	8.00894	9.94589	15.7658	0.2	250
-55.8092	0.959132	8.47212	9.94276	16.764	0.2	250
-55.8108	0.945414	8.92613	9.93969	18.6833	0.2	250
-55.8123	0.931409	9.37145	9.93668	20.4925	0.2	1250
-55.8138	0.917071	9.80882	9.93372	20.4552	0.2	250
-55.8153	0.902312	10.2393	9.93082	20.4678	0.2	250
-55.8168	0.887085	10.6617	9.92796	20.5226	0.2	250
-55.8182	0.871248	11.0759	9.92516	20.6395	0.2	250
-55.8196	0.855469	11.4603	9.92257	20.8353	0.2	250
-55.821	0.839773	11.8112	9.92019	21.06	0.2	250
-55.8222	0.824532	12.1172	9.91813	21.3791	0.2	250
-55.8234	0.810975	12.3561	9.91651	21.7112	0.2	250
-55.8244	0.798533	12.5432	9.91525	22.0857	0.2	250
-55.8253	0.786948	12.6855	9.91429	22.5354	0.2	250
-55.8261	0.776071	12.7867	9.9136	23.0212	0.2	250
-55.8269	0.765805	12.849	9.91318	23.5179	0.2	250
-55.8277	0.756082	12.874	9.91301	24.0931	0.2	250
-55.8284	0.746854	12.8625	9.91309	24.6764	0.2	250
-55.8291	0.738081	12.815	9.91341	25.2719	0.2	250
-55.8297	0.729733	12.7319	9.91397	25.894	0.2	250
-55.8304	0.721788	12.6134	9.91477	26.594	0.2	250
-55.831	0.714225	12.4596	9.91581	27.2828	0.2	250
-55.8315	0.707029	12.2706	9.91709	28.0044	0.2	250
-55.8321	0.700186	12.0465	9.9186	28.7341	0.2	250
-55.8327	0.693686	11.7873	9.92036	29.4733	0.2	250
-55.8332	0.68752	11.4931	9.92234	30.3587	0.2	250
-55.8337	0.681681	11.1641	9.92457	30.9504	0.2	250
-55.8342	0.676164	10.8006	9.92702	31.8406	0.2	250
-55.8347	0.670963	10.4029	9.92971	32.5226	0.2	250
-55.8352	0.666076	9.97159	9.93262	33.322	0.2	250
-55.8356	0.6615	9.50725	9.93576	33.8415	0.2	250
-55.8361	0.657233	9.01069	9.93912	34.883	0.2	250
-55.8366	0.653273	8.48289	9.94268	35.464	0.2	250
-55.837	0.649621	7.92492	9.94645	36.095	0.2	250
-55.8374	0.646271	7.33735	9.95042	36.713	0.2	250
-55.8379	0.643186	6.71342	9.95464	37.1451	0.2	250
-55.8383	0.640384	6.05432	9.95909	37.6902	0.2	250
-55.8388	0.637878	5.36173	9.96377	38.5222	0.2	250
-55.8392	0.635682	4.6378	9.96866	38.9269	0.2	250
-55.8396	0.633811	3.88519	9.97375	38.6833	0.2	250
-55.8401	0.632276	3.10703	9.97901	39.0042	0.2	250
-55.8405	0.631088	2.30689	9.98441	39.2444	0.2	250
-55.841	0.630254	1.48873	9.98994	39.3561	0.2	250
-55.8414	0.629783	0.656869	9.99556	39.7143	0.2	250
-55.8418	0.629679	-0.184121	10.0012	39.7492	0.2	250
-55.8423	0.629945	-1.02949	10.007	39.5249	0.2	250
-55.8427	0.630583	-1.8744	10.0127	38.9247	0.2	250
-55.8431	0.63159	-2.71402	10.0183	38.826	0.2	250
-55.8436	0.632963	-3.54363	10.0239	38.6107	0.2	250
-55.844	0.634698	-4.35871	10.0295	38.089	0.2	250
-55.8445	0.636786	-5.15501	10.0348	37.1226	0.2	250
-55.8449	0.639219	-5.92866	10.0401	36.9943	0.2	250
-55.8453	0.641985	-6.67615	10.0451	36.0971	0.2	250
-55.8458	0.645074	-7.39448	10.05	35.4933	0.2	250
-55.8462	0.648471	-8.08108	10.0546	34.7864	0.2	250
-55.8467	0.652161	-8.73389	10.059	34.1726	0.2	250
-55.8471	0.656131	-9.35134	10.0632	33.1142	0.2	250
-55.8475	0.660364	-9.93231	10.0671	32.3848	0.2	250
-55.848	0.664843	-10.4761	10.0708	31.7776	0.2	250
-55.8485	0.670292	-11.0567	10.0747	30.9641	0.2	250
-55.849	0.676022	-11.5878	10.0783	30.0629	0.2	250
-55.8495	0.682009	-12.0701	10.0816	29.2033	0.2	250
-55.85	0.688228	-12.505	10.0845	28.3894	0.2	250
-55.8505	0.694655	-12.8939	10.0871	27.6071	0.2	250
-55.851	0.701267	-13.2389	10.0895	26.8906	0.2	250
-55.8516	0.709092	-13.5848	10.0918	26.1095	0.2	250
-55.8522	0.717103	-13.8786	10.0938	25.3936	0.2	250
-55.8528	0.725271	-14.1239	10.0954	24.7316	0.2	250
-55.8533	0.733569	-14.3244	10.0968	24.0625	0.2	250
-55.854	0.743224	-14.5039	10.098	23.4333	0.2	250
-55.8547	0.752981	-14.6345	10.0989	22.921	0.2	250
-55.8553	0.762812	-14.721	10.0995	22.4372	0.2	250
-55.8562	0.774684	-14.7735	10.0998	21.9584	0.2	250
-55.857	0.786579	-14.7768	10.0998	21.5104	0.2	250
-55.8578	0.798459	-14.7378	10.0996	21.1374	0.2	250
-55.8587	0.812272	-14.6466	10.099	20.7768	0.2	250
-55.8596	0.825979	-14.5143	10.0981	20.5129	0.2	250
-55.8608	0.843114	-14.2992	10.0966	20.2603	0.2	250
-55.862	0.859967	-14.042	10.0949	20.1024	0.2	250
-55.8635	0.879812	-13.6905	10.0925	19.9761	0.2	250
-55.8651	0.902501	-13.2347	10.0894	19.9492	0.2	250
-55.8668	0.924395	-12.7491	10.0861	16.6473	0.2	250
-55.8685	0.945454	-12.2457	10.0827	15.5865	0.2	250
-55.8702	0.965656	-11.7329	10.0793	16.1037	0.2	250
-55.8719	0.984991	-11.2167	10.0758	20.3988	0.2	250
-55.8736	1.00346	-10.7013	10.0723	20.6616	0.2	250
-55.8755	1.0235	-10.1168	10.0684	20.9338	0.2	250
-55.8774	1.04242	-9.53983	10.0645	21.228	0.2	250
-55.8793	1.06024	-8.97182	10.0606	21.5057	0.2	250
-55.8816	1.08004	-8.30828	10.0561	21.8464	0.2	250
-55.8839	1.09835	-7.65896	10.0517	22.1996	0.2	250
-55.8862	1.11517	-7.02349	10.0475	22.5402	0.2	250
-55.8888	1.13254	-6.31742	10.0427	22.8764	0.2	250
-55.8914	1.14809	-5.62652	10.038	23.2359	0.2	250
-55.8944	1.1638	-4.8468	10.0327	23.5524	0.2	250
-55.8974	1.17719	-4.08152	10.0276	23.9032	0.2	250
-55.9011	1.19062	-3.14931	10.0213	24.2136	0.2	250
-55.9049	1.2006	-2.22771	10.0151	24.4708	0.2	250
-55.909	1.20773	-1.19958	10.0081	24.6585	0.2	250
-55.9126	1.21043	-0.317026	10.0021	24.7397	0.2	250
-55.9158	1.21014	0.499279	9.99663	24.7379	0.2	250
-55.9189	1.20743	1.27635	9.99138	24.6588	0.2	250
-55.9218	1.20265	2.02869	9.98629	24.5569	0.2	250
-55.9246	1.19601	2.76606	9.98131	24.4273	0.2	250
-55.9272	1.18767	3.4962	9.97638	24.2023	0.2	250
-55.9298	1.17771	4.22608	9.97145	23.9834	0.2	250
-55.9323	1.16618	4.96299	9.96647	23.7645	0.2	250
-55.9348	1.15303	5.71538	9.96138	23.4785	0.2	250
-55.9372	1.13819	6.4917	9.95614	23.1799	0.2	250
-55.9395	1.12216	7.27184	9.95087	22.8348	0.2	250
-55.9418	1.10521	8.05098	9.9456	22.5435	0.2	250
-55.9439	1.08741	8.83311	9.94032	22.2209	0.2	250
-55.9459	1.06882	9.62185	9.93499	21.8895	0.2	250
-55.9478	1.04955	10.4177	9.92961	21.6234	0.2	250
-55.9496	1.03032	11.1962	9.92435	21.3514	0.2	250
-55.9512	1.01173	11.9378	9.91934	21.1399	0.2	250
-55.9527	0.993585	12.6543	9.9145	20.9527	0.2	1250
-55.954	0.975783	13.3528	9.90978	17.2881	0.2	250
-55.9553	0.958244	14.0377	9.90515	18.2564	0.2	250
-55.9565	0.940911	14.7126	9.90059	17.229	0.2	250
-55.9577	0.92373	15.3801	9.89608	20.5796	0.2	1250
-55.9587	0.906642	16.0428	9.8916	20.6087	0.2	250
-55.9598	0.889571	16.7035	9.88714	20.6687	0.2	250
-55.9608	0.872392	17.3667	9.88266	20.8057	0.2	250
-55.9618	0.854778	18.0439	9.87808	21.0429	0.2	250
-55.9628	0.836479	18.7429	9.87336	21.3543	0.2	250
-55.9638	0.817474	19.4613	9.8685	21.8274	0.2	250
-55.9647	0.798708	20.1598	9.86378	22.4028	0.2	250
-55.9656	0.780778	20.8127	9.85937	23.1762	0.2	250
-55.9664	0.764106	21.4021	9.85539	23.984	0.2	250
-55.9671	0.749255	21.9083	9.85197	24.8987	0.2	250
-55.9677	0.735638	22.3523	9.84897	26.0461	0.2	250
-55.9683	0.722969	22.744	9.84632	27.2115	0.2	250
-55.9688	0.711076	23.0886	9.844	28.4578	0.2	250
-55.9693	0.699844	23.3893	9.84196	29.7592	0.2	250
-55.9697	0.689191	23.6481	9.84022	31.2301	0.2	250
-55.9701	0.679054	23.8662	9.83874	32.6398	0.2	250
-55.9705	0.669385	24.044	9.83754	34.2066	0.2	250
-55.9709	0.660145	24.182	9.83661	35.832	0.2	250
-55.9713	0.651301	24.2801	9.83594	37.775	0.2	250
-55.9716	0.642826	24.3382	9.83555	39.2813	0.2	250
-55.972	0.634697	24.3558	9.83543	41.366	0.2	250
-55.9723	0.626895	24.3326	9.83559	43.3651	0.2	250
-55.9726	0.619404	24.2678	9.83603	45.4	0.2	250
-55.9729	0.612207	24.161	9.83675	46.7616	0.2	250
-55.9732	0.605293	24.0113	9.83776	49.2838	0.2	250
-55.9735	0.598652	23.818	9.83907	51.3157	0.2	250
-55.9737	0.592272	23.5804	9.84067	53.2397	0.2	250
-55.974	0.586146	23.2976	9.84258	55.016	0.2	250
-55.9743	0.580267	22.9689	9.84481	57.0322	0.2	250
-55.9745	0.574628	22.5934	9.84734	58.8998	0.2	250
-55.9747	0.569224	22.1705	9.8502	60.8475	0.2	250
-55.975	0.564052	21.6994	9.85338	62.6712	0.2	250
-55.9752	0.559107	21.1796	9.85689	64.5086	0.2	250
-55.9754	0.554387	20.6104	9.86074	65.3225	0.2	250
-55.9757	0.54989	19.9914	9.86492	67.6643	0.2	250
-55.9759	0.545615	19.3224	9.86944	68.8333	0.2	250
-55.9761	0.541561	18.6032	9.8743	69.8861	0.2	250
-55.9763	0.537727	17.8339	9.8795	71.8314	0.2	250
-55.9765	0.534114	17.0149	9.88503	73.2685	0.2	250
-55.9767	0.530724	16.1466	9.8909	73.8197	0.2	250
-55.9769	0.527558	15.23	9.89709	75.5615	0.2	250
-55.9771	0.524616	14.2663	9.90361	76.3421	0.2	250
-55.9773	0.521902	13.2571	9.91043	76.998	0.2	250
-55.9775	0.519418	12.2044	9.91754	78.6465	0.2	250
-55.9777	0.517167	11.1117	9.92492	78.6406	0.2	250
-55.9779	0.515165	9.98981	9.9325	79.0818	0.2	250
-55.9781	0.513379	8.82318	9.94038	79.3712	0.2	250
-55.9783	0.51184	7.63202	9.94843	79.7807	0.2	250
-55.9784	0.510526	6.40398	9.95673	80.1959	0.2	250
-55.9786	0.509445	5.14312	9.96525	80.2601	0.2	250
-55.9788	0.508603	3.85395	9.97396	80.2859	0.2	250
-55.979	0.508005	2.54141	9.98283	80.1881	0.2	250
-55.9792	0.507654	1.21078	9.99182	79.9527	0.2	250
-55.9794	0.507553	-0.132355	10.0009	80.2493	0.2	250
-55.9796	0.507704	-1.48223	10.01	80.9081	0.2	250
-55.9798	0.508107	-2.83295	10.0191	80.4175	0.2	250
-55.9799	0.508763	-4.17864	10.0282	78.5468	0.2	250
-55.9801	0.50967	-5.51347	10.0373	79.0181	0.2	250
-55.9803	0.510825	-6.8318	10.0462	77.5892	0.2	250
-55.9805	0.512225	-8.12825	10.0549	76.5328	0.2	250
-55.9807	0.513865	-9.39775	10.0635	75.8762	0.2	250
-55.9809	0.515739	-10.6357	10.0719	75.4863	0.2	250
-55.9811	0.517842	-11.8378	10.08	74.1479	0.2	250
-55.9813	0.520166	-13.0005	10.0878	73.258	0.2	250
-55.9814	0.522704	-14.1204	10.0954	71.4668	0.2	250
-55.9817	0.525832	-15.3365	10.1036	70.2561	0.2	250
-55.9819	0.529212	-16.4912	10.1114	69.3875	0.2	250
-55.9821	0.532831	-17.5823	10.1188	66.6823	0.2	250
-55.9823	0.536674	-18.6084	10.1257	65.5062	0.2	250
-55.9825	0.540729	-19.569	10.1322	63.2049	0.2	250
-55.9827	0.54498	-20.464	10.1383	61.7492	0.2	250
-55.9829	0.549414	-21.2942	10.1439	60.0437	0.2	250
-55.9831	0.554018	-22.0608	10.1491	58.7	0.2	250
-55.9834	0.558778	-22.7653	10.1538	57.1013	0.2	250
-55.9836	0.564374	-23.4947	10.1587	54.3564	0.2	250
-55.9838	0.570138	-24.1497	10.1632	52.5825	0.2	250
-55.9841	0.576051	-24.7338	10.1671	50.3883	0.2	250
-55.9843	0.582097	-25.2509	10.1706	48.5663	0.2	250
-55.9846	0.588261	-25.7053	10.1737	46.5069	0.2	250
-55.9848	0.595483	-26.1559	10.1767	44.5491	0.2	250
-55.9851	0.60282	-26.5348	10.1793	42.6283	0.2	250
-55.9854	0.610254	-26.8481	10.1814	40.6896	0.2	250
-55.9857	0.617766	-27.1017	10.1831	38.8897	0.2	250
-55.986	0.626394	-27.3246	10.1846	36.9733	0.2	250
-55.9863	0.635082	-27.4848	10.1857	35.1093	0.2	250
-55.9866	0.643812	-27.5894	10.1864	33.5817	0.2	250
-55.987	0.654103	-27.6498	10.1868	31.7838	0.2	250
-55.9874	0.664406	-27.6515	10.1868	30.4338	0.2	250
-55.9877	0.6747	-27.603	10.1865	28.9603	0.2	250
-55.9882	0.68635	-27.4963	10.1858	27.5838	0.2	250
-55.9886	0.697944	-27.3437	10.1848	26.2309	0.2	250
-55.9891	0.711375	-27.1181	10.1832	25.0072	0.2	250
-55.9896	0.724684	-26.8517	10.1814	24.0209	0.2	250
-55.9902	0.741028	-26.4766	10.1789	23.0593	0.2	250
-55.9908	0.757131	-26.0655	10.1761	22.2144	0.2	250
-55.9915	0.775409	-25.5597	10.1727	21.4323	0.2	250
-55.9924	0.7975	-24.9063	10.1683	20.7886	0.2	250
-55.9934	0.821861	-24.1475	10.1632	20.305	0.2	250
-55.9944	0.845465	-23.3863	10.158	20.0107	0.2	250
-55.9954	0.868317	-22.6338	10.1529	19.8318	0.2	250
-55.9964	0.89043	-21.897	10.148	19.7486	0.2	250
-55.9964	0.89043	-21.897	10.148	19.7776	0.2	1250
-55.9973	0.91182	-21.1801	10.1431	19.7798	0.2	1250
-55.9973	0.91182	-21.1801	10.1431	19.7798	0.2	1250
-55.9983	0.932509	-20.4855	10.1384	17.3003	0.2	250
-55.9983	0.932509	-20.4855	10.1384	19.8838	0.2	1250
-55.9983	0.932509	-20.4855	10.1384	19.8838	0.2	1250
