9	0.1	5.84606e-06	0.2	250
9	0.15	0.000176827	0.2	250
9	0.2	0.003059	0.2	250
9	0.25	0.0500007	0.2	250
9	0.3	0.356415	0.2	250
9	0.35	2.61388	0.2	250
9	0.4	3.5337	0.2	250
9	0.45	6.05299	0.2	250
9	0.5	117	0.2	250
9	0.55	97.2025	0.2	250
9	0.6	74.1766	0.2	250
9	0.65	56.1794	0.2	250
9	0.7	42.8062	0.2	250
9	0.75	34.3373	0.2	250
9	0.8	29.2773	0.2	250
9	0.85	26.3409	0.2	250
9	0.9	24.7621	0.2	250
9	0.95	24.1025	0.2	250
9	1	23.4763	0.2	250
9	1.05	20.3908	0.2	250
9	1.1	24.8039	0.2	250
9	1.15	25.6033	0.2	250
9	1.2	26.5582	0.2	250
9	1.25	27.6475	0.2	250
9	1.3	28.8949	0.2	250
9	1.35	30.2374	0.2	250
9	1.4	31.7065	0.2	250
9	1.45	33.2331	0.2	250
9	1.5	34.8469	0.2	250
9	1.55	36.6078	0.2	250
9	1.6	38.3476	0.2	250
9	1.65	40.2599	0.2	250
9	1.7	42.2942	0.2	250
9	1.75	44.2484	0.2	250
9	1.8	46.3945	0.2	250
9	1.85	48.6027	0.2	250
9	1.9	50.8293	0.2	250
9	1.95	53.2136	0.2	250
9	2	55.5772	0.2	250
9	2.05	57.9641	0.2	250
9	2.1	60.6099	0.2	250
9	2.15	63.2059	0.2	250
9	2.2	65.6308	0.2	250
9	2.25	68.5929	0.2	250
9	2.3	71.4004	0.2	250
9	2.35	74.1201	0.2	250
9	2.4	77.1285	0.2	250
9	2.45	79.9895	0.2	250
9	2.5	83.2671	0.2	250
9	2.55	86.3513	0.2	250
9	2.6	89.4833	0.2	250
9	2.65	92.6205	0.2	250
9	2.7	95.8778	0.2	250
9	2.75	99.3394	0.2	250
9	2.8	102.944	0.2	250
9	2.85	106.29	0.2	250
9	2.9	110.052	0.2	250
9	2.95	113.406	0.2	250
9	3	117.011	0.2	250
9.1	0.1	6.12909e-06	0.2	250
9.1	0.15	0.000185442	0.2	250
9.1	0.2	0.00324267	0.2	250
9.1	0.25	0.0530574	0.2	250
9.1	0.3	0.372291	0.2	250
9.1	0.35	2.68483	0.2	250
9.1	0.4	3.43286	0.2	250
9.1	0.45	6.27797	0.2	250
9.1	0.5	115.135	0.2	250
9.1	0.55	93.6112	0.2	250
9.1	0.6	70.2902	0.2	250
9.1	0.65	53.5678	0.2	250
9.1	0.7	40.5648	0.2	250
9.1	0.75	32.8153	0.2	250
9.1	0.8	28.1426	0.2	250
9.1	0.85	25.5924	0.2	250
9.1	0.9	24.1616	0.2	250
9.1	0.95	23.6098	0.2	250
9.1	1	23.5404	0.2	250
9.1	1.05	19.3326	0.2	250
9.1	1.1	24.5094	0.2	250
9.1	1.15	25.3276	0.2	250
9.1	1.2	26.2852	0.2	250
9.1	1.25	27.4166	0.2	250
9.1	1.3	28.6874	0.2	250
9.1	1.35	30.0357	0.2	250
9.1	1.4	31.4728	0.2	250
9.1	1.45	33.075	0.2	250
9.1	1.5	34.7134	0.2	250
9.1	1.55	36.4607	0.2	250
9.1	1.6	38.2293	0.2	250
9.1	1.65	40.1056	0.2	250
9.1	1.7	42.1107	0.2	250
9.1	1.75	44.1327	0.2	250
9.1	1.8	46.2328	0.2	250
9.1	1.85	48.3958	0.2	250
9.1	1.9	50.6343	0.2	250
9.1	1.95	52.9875	0.2	250
9.1	2	55.4662	0.2	250
9.1	2.05	57.8799	0.2	250
9.1	2.1	60.3248	0.2	250
9.1	2.15	62.9875	0.2	250
9.1	2.2	65.5993	0.2	250
9.1	2.25	68.4312	0.2	250
9.1	2.3	71.2373	0.2	250
9.1	2.35	74.08	0.2	250
9.1	2.4	77.0349	0.2	250
9.1	2.45	79.7817	0.2	250
9.1	2.5	83.0281	0.2	250
9.1	2.55	86.1669	0.2	250
9.1	2.6	89.2807	0.2	250
9.1	2.65	92.4292	0.2	250
9.1	2.7	95.7976	0.2	250
9.1	2.75	99.2496	0.2	250
9.1	2.8	102.684	0.2	250
9.1	2.85	106.43	0.2	250
9.1	2.9	109.831	0.2	250
9.1	2.95	113.459	0.2	250
9.1	3	117.03	0.2	250
9.2	0.1	6.39305e-06	0.2	250
9.2	0.15	0.000193598	0.2	250
9.2	0.2	0.00341188	0.2	250
9.2	0.25	0.0565204	0.2	250
9.2	0.3	0.390594	0.2	250
9.2	0.35	2.70914	0.2	250
9.2	0.4	3.37976	0.2	250
9.2	0.45	6.70914	0.2	250
9.2	0.5	110.251	0.2	250
9.2	0.55	88.4136	0.2	250
9.2	0.6	67.2051	0.2	250
9.2	0.65	50.6778	0.2	250
9.2	0.7	38.7401	0.2	250
9.2	0.75	31.5431	0.2	250
9.2	0.8	27.2245	0.2	250
9.2	0.85	24.8348	0.2	250
9.2	0.9	23.6257	0.2	250
9.2	0.95	23.1823	0.2	250
9.2	1	23.3824	0.2	250
9.2	1.05	18.7978	0.2	250
9.2	1.1	24.2109	0.2	250
9.2	1.15	25.0565	0.2	250
9.2	1.2	26.0674	0.2	250
9.2	1.25	27.212	0.2	250
9.2	1.3	28.459	0.2	250
9.2	1.35	29.8433	0.2	250
9.2	1.4	31.3079	0.2	250
9.2	1.45	32.8704	0.2	250
9.2	1.5	34.4605	0.2	250
9.2	1.55	36.2052	0.2	250
9.2	1.6	38.1	0.2	250
9.2	1.65	39.962	0.2	250
9.2	1.7	41.9324	0.2	250
9.2	1.75	44.0316	0.2	250
9.2	1.8	46.0841	0.2	250
9.2	1.85	48.3266	0.2	250
9.2	1.9	50.6145	0.2	250
9.2	1.95	52.8978	0.2	250
9.2	2	55.3469	0.2	250
9.2	2.05	57.7758	0.2	250
9.2	2.1	60.3319	0.2	250
9.2	2.15	62.8696	0.2	250
9.2	2.2	65.4451	0.2	250
9.2	2.25	68.317	0.2	250
9.2	2.3	71.1577	0.2	250
9.2	2.35	73.8966	0.2	250
9.2	2.4	76.7025	0.2	250
9.2	2.45	79.8673	0.2	250
9.2	2.5	82.8935	0.2	250
9.2	2.55	85.881	0.2	250
9.2	2.6	89.0862	0.2	250
9.2	2.65	92.3576	0.2	250
9.2	2.7	95.6864	0.2	250
9.2	2.75	99.3657	0.2	250
9.2	2.8	102.594	0.2	250
9.2	2.85	105.791	0.2	250
9.2	2.9	109.811	0.2	250
9.2	2.95	113.516	0.2	250
9.2	3	117.279	0.2	250
9.3	0.1	6.69109e-06	0.2	250
9.3	0.15	0.000203562	0.2	250
9.3	0.2	0.00363462	0.2	250
9.3	0.25	0.0600247	0.2	250
9.3	0.3	0.411869	0.2	250
9.3	0.35	2.73141	0.2	250
9.3	0.4	3.37914	0.2	250
9.3	0.45	7.0567	0.2	250
9.3	0.5	107.601	0.2	250
9.3	0.55	84.773	0.2	250
9.3	0.6	64.707	0.2	250
9.3	0.65	48.7029	0.2	250
9.3	0.7	37.1599	0.2	250
9.3	0.75	30.2953	0.2	250
9.3	0.8	26.4042	0.2	250
9.3	0.85	24.2086	0.2	250
9.3	0.9	23.1375	0.2	250
9.3	0.95	22.763	0.2	250
9.3	1	20.0617	0.2	250
9.3	1.1	23.9484	0.2	250
9.3	1.15	24.8139	0.2	250
9.3	1.2	25.8319	0.2	250
9.3	1.25	26.9884	0.2	250
9.3	1.3	28.2797	0.2	250
9.3	1.35	29.6446	0.2	250
9.3	1.4	31.1489	0.2	250
9.3	1.45	32.7293	0.2	250
9.3	1.5	34.367	0.2	250
9.3	1.55	36.13	0.2	250
9.3	1.6	37.9401	0.2	250
9.3	1.65	39.8194	0.2	250
9.3	1.7	41.8463	0.2	250
9.3	1.75	43.904	0.2	250
9.3	1.8	45.9746	0.2	250
9.3	1.85	48.222	0.2	250
9.3	1.9	50.3256	0.2	250
9.3	1.95	52.8293	0.2	250
9.3	2	55.147	0.2	250
9.3	2.05	57.5432	0.2	250
9.3	2.1	60.2259	0.2	250
9.3	2.15	62.7883	0.2	250
9.3	2.2	65.5048	0.2	250
9.3	2.25	68.1923	0.2	250
9.3	2.3	70.976	0.2	250
9.3	2.35	73.7094	0.2	250
9.3	2.4	76.8553	0.2	250
9.3	2.45	79.8091	0.2	250
9.3	2.5	82.7421	0.2	250
9.3	2.55	85.8549	0.2	250
9.3	2.6	89.2541	0.2	250
9.3	2.65	92.4974	0.2	250
9.3	2.7	95.6251	0.2	250
9.3	2.75	98.8308	0.2	250
9.3	2.8	102.641	0.2	250
9.3	2.85	105.972	0.2	250
9.3	2.9	109.72	0.2	250
9.3	2.95	112.939	0.2	250
9.3	3	117.019	0.2	250
9.4	0.1	6.98376e-06	0.2	250
9.4	0.15	0.000213054	0.2	250
9.4	0.2	0.00381569	0.2	250
9.4	0.25	0.0639854	0.2	250
9.4	0.3	0.434026	0.2	250
9.4	0.35	2.75503	0.2	250
9.4	0.4	3.35462	0.2	250
9.4	0.45	7.6389	0.2	250
9.4	0.5	102.272	0.2	250
9.4	0.55	81.2961	0.2	250
9.4	0.6	61.0226	0.2	250
9.4	0.65	46.2138	0.2	250
9.4	0.7	35.4868	0.2	250
9.4	0.75	29.294	0.2	250
9.4	0.8	25.4672	0.2	250
9.4	0.85	23.5893	0.2	250
9.4	0.9	22.624	0.2	250
9.4	0.95	22.3472	0.2	250
9.4	1	19.8361	0.2	250
9.4	1.05	22.9353	0.2	250
9.4	1.1	23.6855	0.2	250
9.4	1.15	24.5508	0.2	250
9.4	1.2	25.616	0.2	250
9.4	1.25	26.7979	0.2	250
9.4	1.3	28.0327	0.2	250
9.4	1.35	29.4538	0.2	250
9.4	1.4	30.9772	0.2	250
9.4	1.45	32.5119	0.2	250
9.4	1.5	34.2088	0.2	250
9.4	1.55	35.9242	0.2	250
9.4	1.6	37.7843	0.2	250
9.4	1.65	39.7109	0.2	250
9.4	1.7	41.7158	0.2	250
9.4	1.75	43.7819	0.2	250
9.4	1.8	45.9018	0.2	250
9.4	1.85	48.0655	0.2	250
9.4	1.9	50.3061	0.2	250
9.4	1.95	52.7097	0.2	250
9.4	2	55.0027	0.2	250
9.4	2.05	57.5241	0.2	250
9.4	2.1	60.0954	0.2	250
9.4	2.15	62.6939	0.2	250
9.4	2.2	65.4057	0.2	250
9.4	2.25	67.9637	0.2	250
9.4	2.3	70.796	0.2	250
9.4	2.35	73.6482	0.2	250
9.4	2.4	76.6438	0.2	250
9.4	2.45	79.5	0.2	250
9.4	2.5	82.7012	0.2	250
9.4	2.55	85.8198	0.2	250
9.4	2.6	88.9931	0.2	250
9.4	2.65	92.4284	0.2	250
9.4	2.7	95.7057	0.2	250
9.4	2.75	98.7527	0.2	250
9.4	2.8	102.396	0.2	250
9.4	2.85	105.954	0.2	250
9.4	2.9	109.613	0.2	250
9.4	2.95	113.091	0.2	250
9.4	3	116.835	0.2	250
9.5	0.1	7.29274e-06	0.2	250
9.5	0.15	0.000221931	0.2	250
9.5	0.2	0.00403278	0.2	250
9.5	0.25	0.0678044	0.2	250
9.5	0.3	0.459896	0.2	250
9.5	0.35	2.72745	0.2	250
9.5	0.4	3.30339	0.2	250
9.5	0.45	8.17144	0.2	250
9.5	0.5	100.508	0.2	250
9.5	0.55	78.7012	0.2	250
9.5	0.6	58.708	0.2	250
9.5	0.65	43.9604	0.2	250
9.5	0.7	34.2347	0.2	250
9.5	0.75	28.1737	0.2	250
9.5	0.8	24.7748	0.2	250
9.5	0.85	22.965	0.2	250
9.5	0.9	22.1873	0.2	250
9.5	1	17.787	0.2	250
9.5	1.05	22.6956	0.2	250
9.5	1.1	23.4365	0.2	250
9.5	1.15	24.3388	0.2	250
9.5	1.2	25.4096	0.2	250
9.5	1.25	26.5936	0.2	250
9.5	1.3	27.9044	0.2	250
9.5	1.35	29.3033	0.2	250
9.5	1.4	30.8074	0.2	250
9.5	1.45	32.3928	0.2	250
9.5	1.5	34.064	0.2	250
9.5	1.55	35.8356	0.2	250
9.5	1.6	37.685	0.2	250
9.5	1.65	39.4722	0.2	250
9.5	1.7	41.5935	0.2	250
9.5	1.75	43.5831	0.2	250
9.5	1.8	45.7606	0.2	250
9.5	1.85	47.9653	0.2	250
9.5	1.9	50.2419	0.2	250
9.5	1.95	52.5665	0.2	250
9.5	2	54.8954	0.2	250
9.5	2.05	57.4768	0.2	250
9.5	2.1	59.8897	0.2	250
9.5	2.15	62.5967	0.2	250
9.5	2.2	65.1366	0.2	250
9.5	2.25	67.9872	0.2	250
9.5	2.3	70.8386	0.2	250
9.5	2.35	73.6269	0.2	250
9.5	2.4	76.3834	0.2	250
9.5	2.45	79.5021	0.2	250
9.5	2.5	82.6578	0.2	250
9.5	2.55	85.85	0.2	250
9.5	2.6	88.9366	0.2	250
9.5	2.65	92.1941	0.2	250
9.5	2.7	95.455	0.2	250
9.5	2.75	98.9798	0.2	250
9.5	2.8	102.488	0.2	250
9.5	2.85	105.817	0.2	250
9.5	2.9	109.427	0.2	250
9.5	2.95	113.183	0.2	250
9.5	3	116.574	0.2	250
9.6	0.1	7.60395e-06	0.2	250
9.6	0.15	0.000232852	0.2	250
9.6	0.2	0.00429338	0.2	250
9.6	0.25	0.0715789	0.2	250
9.6	0.3	0.488679	0.2	250
9.6	0.35	2.69877	0.2	250
9.6	0.4	3.30271	0.2	250
9.6	0.45	8.94008	0.2	250
9.6	0.5	95.4647	0.2	250
9.6	0.55	74.5497	0.2	250
9.6	0.6	55.8297	0.2	250
9.6	0.65	42.1674	0.2	250
9.6	0.7	32.5226	0.2	250
9.6	0.75	27.0913	0.2	250
9.6	0.8	23.9972	0.2	250
9.6	0.85	22.4306	0.2	250
9.6	0.9	21.7605	0.2	250
9.6	1	19.0582	0.2	250
9.6	1.05	22.4266	0.2	250
9.6	1.1	23.1844	0.2	250
9.6	1.15	24.1019	0.2	250
9.6	1.2	25.1728	0.2	250
9.6	1.25	26.4175	0.2	250
9.6	1.3	27.7339	0.2	250
9.6	1.35	29.1371	0.2	250
9.6	1.4	30.6671	0.2	250
9.6	1.45	32.1763	0.2	250
9.6	1.5	33.8996	0.2	250
9.6	1.55	35.7151	0.2	250
9.6	1.6	37.5167	0.2	250
9.6	1.65	39.4163	0.2	250
9.6	1.7	41.4504	0.2	250
9.6	1.75	43.5258	0.2	250
9.6	1.8	45.5636	0.2	250
9.6	1.85	47.8719	0.2	250
9.6	1.9	50.0755	0.2	250
9.6	1.95	52.491	0.2	250
9.6	2	54.6942	0.2	250
9.6	2.05	57.2564	0.2	250
9.6	2.1	59.8283	0.2	250
9.6	2.15	62.3357	0.2	250
9.6	2.2	65.177	0.2	250
9.6	2.25	67.9054	0.2	250
9.6	2.3	70.5864	0.2	250
9.6	2.35	73.5072	0.2	250
9.6	2.4	76.3733	0.2	250
9.6	2.45	79.439	0.2	250
9.6	2.5	82.6184	0.2	250
9.6	2.55	85.5783	0.2	250
9.6	2.6	88.7085	0.2	250
9.6	2.65	91.9897	0.2	250
9.6	2.7	95.339	0.2	250
9.6	2.75	98.8208	0.2	250
9.6	2.8	102.187	0.2	250
9.6	2.85	105.866	0.2	250
9.6	2.9	109.096	0.2	250
9.6	2.95	113	0.2	250
9.6	3	116.601	0.2	250
9.7	0.1	7.93177e-06	0.2	250
9.7	0.15	0.000243501	0.2	250
9.7	0.2	0.00453036	0.2	250
9.7	0.25	0.0747891	0.2	250
9.7	0.3	0.519207	0.2	250
9.7	0.35	2.67273	0.2	250
9.7	0.4	3.31658	0.2	250
9.7	0.45	9.76988	0.2	250
9.7	0.5	92.2393	0.2	250
9.7	0.55	72.2332	0.2	250
9.7	0.6	53.9102	0.2	250
9.7	0.65	40.3783	0.2	250
9.7	0.7	31.487	0.2	250
9.7	0.75	26.1813	0.2	250
9.7	0.8	23.3738	0.2	250
9.7	0.85	21.9303	0.2	250
9.7	0.9	21.3332	0.2	250
9.7	0.95	19.4047	0.2	250
9.7	1	18.1476	0.2	250
9.7	1.05	22.1482	0.2	250
9.7	1.1	22.9678	0.2	250
9.7	1.15	23.916	0.2	250
9.7	1.2	25.0207	0.2	250
9.7	1.25	26.2242	0.2	250
9.7	1.3	27.55	0.2	250
9.7	1.35	28.9749	0.2	250
9.7	1.4	30.4951	0.2	250
9.7	1.45	32.1096	0.2	250
9.7	1.5	33.7701	0.2	250
9.7	1.55	35.5591	0.2	250
9.7	1.6	37.3553	0.2	250
9.7	1.65	39.3074	0.2	250
9.7	1.7	41.2582	0.2	250
9.7	1.75	43.3924	0.2	250
9.7	1.8	45.5289	0.2	250
9.7	1.85	47.7122	0.2	250
9.7	1.9	49.9961	0.2	250
9.7	1.95	52.3135	0.2	250
9.7	2	54.7776	0.2	250
9.7	2.05	57.1829	0.2	250
9.7	2.1	59.7379	0.2	250
9.7	2.15	62.283	0.2	250
9.7	2.2	65.1003	0.2	250
9.7	2.25	67.7325	0.2	250
9.7	2.3	70.6343	0.2	250
9.7	2.35	73.428	0.2	250
9.7	2.4	76.241	0.2	250
9.7	2.45	79.3952	0.2	250
9.7	2.5	82.5311	0.2	250
9.7	2.55	85.4442	0.2	250
9.7	2.6	88.7575	0.2	250
9.7	2.65	92.0588	0.2	250
9.7	2.7	95.4942	0.2	250
9.7	2.75	98.6198	0.2	250
9.7	2.8	102.005	0.2	250
9.7	2.85	105.685	0.2	250
9.7	2.9	108.994	0.2	250
9.7	2.95	112.963	0.2	250
9.7	3	116.748	0.2	250
9.8	0.1	8.24697e-06	0.2	250
9.8	0.15	0.00025386	0.2	250
9.8	0.2	0.00475598	0.2	250
9.8	0.25	0.0785725	0.2	250
9.8	0.3	0.552666	0.2	250
9.8	0.35	2.6255	0.2	250
9.8	0.4	3.39143	0.2	250
9.8	0.45	10.9284	0.2	250
9.8	0.5	90.4058	0.2	250
9.8	0.55	69.5847	0.2	250
9.8	0.6	51.0434	0.2	250
9.8	0.65	38.5774	0.2	250
9.8	0.7	30.0109	0.2	250
9.8	0.75	25.2814	0.2	250
9.8	0.8	22.7133	0.2	250
9.8	0.85	21.4327	0.2	250
9.8	0.9	20.9363	0.2	250
9.8	0.95	17.8269	0.2	250
9.8	1.05	21.9252	0.2	250
9.8	1.1	22.7194	0.2	250
9.8	1.15	23.7173	0.2	250
9.8	1.2	24.8122	0.2	250
9.8	1.25	26.0397	0.2	250
9.8	1.3	27.3878	0.2	250
9.8	1.35	28.8172	0.2	250
9.8	1.4	30.3064	0.2	250
9.8	1.45	31.9262	0.2	250
9.8	1.5	33.5348	0.2	250
9.8	1.55	35.4132	0.2	250
9.8	1.6	37.2327	0.2	250
9.8	1.65	39.1159	0.2	250
9.8	1.7	41.2187	0.2	250
9.8	1.75	43.23	0.2	250
9.8	1.8	45.3417	0.2	250
9.8	1.85	47.6013	0.2	250
9.8	1.9	49.9274	0.2	250
9.8	1.95	52.2698	0.2	250
9.8	2	54.6716	0.2	250
9.8	2.05	57.0388	0.2	250
9.8	2.1	59.6844	0.2	250
9.8	2.15	62.2974	0.2	250
9.8	2.2	65.0152	0.2	250
9.8	2.25	67.6412	0.2	250
9.8	2.3	70.4846	0.2	250
9.8	2.35	73.3033	0.2	250
9.8	2.4	76.1426	0.2	250
9.8	2.45	79.2751	0.2	250
9.8	2.5	82.3343	0.2	250
9.8	2.55	85.526	0.2	250
9.8	2.6	88.5672	0.2	250
9.8	2.65	92.057	0.2	250
9.8	2.7	95.2435	0.2	250
9.8	2.75	98.6487	0.2	250
9.8	2.8	102.141	0.2	250
9.8	2.85	105.587	0.2	250
9.8	2.9	109.276	0.2	250
9.8	2.95	112.724	0.2	250
9.8	3	116.468	0.2	250
9.9	0.1	8.5948e-06	0.2	250
9.9	0.15	0.000266034	0.2	250
9.9	0.2	0.00503697	0.2	250
9.9	0.25	0.0820531	0.2	250
9.9	0.3	0.589893	0.2	250
9.9	0.35	2.57382	0.2	250
9.9	0.4	3.42886	0.2	250
9.9	0.45	12.33	0.2	250
9.9	0.5	86.5478	0.2	250
9.9	0.55	66.4747	0.2	250
9.9	0.6	49.3725	0.2	250
9.9	0.65	36.7713	0.2	250
9.9	0.7	28.904	0.2	250
9.9	0.75	24.5159	0.2	250
9.9	0.8	22.1183	0.2	250
9.9	0.85	21.0009	0.2	250
9.9	0.9	20.5673	0.2	250
9.9	0.95	16.761	0.2	250
9.9	1	21.1126	0.2	250
9.9	1.05	21.6833	0.2	250
9.9	1.1	22.5384	0.2	250
9.9	1.15	23.4979	0.2	250
9.9	1.2	24.66	0.2	250
9.9	1.25	25.8622	0.2	250
9.9	1.3	27.211	0.2	250
9.9	1.35	28.6735	0.2	250
9.9	1.4	30.2281	0.2	250
9.9	1.45	31.7831	0.2	250
9.9	1.5	33.5054	0.2	250
9.9	1.55	35.2941	0.2	250
9.9	1.6	37.1141	0.2	250
9.9	1.65	39.1005	0.2	250
9.9	1.7	41.1015	0.2	250
9.9	1.75	43.1258	0.2	250
9.9	1.8	45.3106	0.2	250
9.9	1.85	47.5351	0.2	250
9.9	1.9	49.7961	0.2	250
9.9	1.95	52.1739	0.2	250
9.9	2	54.5647	0.2	250
9.9	2.05	57.0221	0.2	250
9.9	2.1	59.4356	0.2	250
9.9	2.15	62.2141	0.2	250
9.9	2.2	64.8639	0.2	250
9.9	2.25	67.615	0.2	250
9.9	2.3	70.3804	0.2	250
9.9	2.35	73.3515	0.2	250
9.9	2.4	76.2972	0.2	250
9.9	2.45	79.0983	0.2	250
9.9	2.5	82.1821	0.2	250
9.9	2.55	85.524	0.2	250
9.9	2.6	88.6639	0.2	250
9.9	2.65	91.7733	0.2	250
9.9	2.7	95.0682	0.2	250
9.9	2.75	98.377	0.2	250
9.9	2.8	102.061	0.2	250
9.9	2.85	105.192	0.2	250
9.9	2.9	109.145	0.2	250
9.9	2.95	112.824	0.2	250
9.9	3	116.515	0.2	250
10	0.1	8.97224e-06	0.2	250
10	0.15	0.000277725	0.2	250
10	0.2	0.00529207	0.2	250
10	0.25	0.0863465	0.2	250
10	0.3	0.631581	0.2	250
10	0.35	2.51937	0.2	250
10	0.4	3.43296	0.2	250
10	0.45	14.2351	0.2	250
10	0.5	82.5339	0.2	250
10	0.55	63.1262	0.2	250
10	0.6	46.754	0.2	250
10	0.65	35.4816	0.2	250
10	0.7	28.0223	0.2	250
10	0.75	23.8436	0.2	250
10	0.8	21.6169	0.2	250
10	0.85	20.5962	0.2	250
10	0.9	20.2058	0.2	250
10	0.95	17.2666	0.2	250
10	1	20.7699	0.2	250
10	1.05	21.4809	0.2	250
10	1.1	22.3291	0.2	250
10	1.15	23.309	0.2	250
10	1.2	24.4832	0.2	250
10	1.25	25.7073	0.2	250
10	1.3	27.1027	0.2	250
10	1.35	28.5555	0.2	250
10	1.4	29.9824	0.2	250
10	1.45	31.6419	0.2	250
10	1.5	33.3671	0.2	250
10	1.55	35.169	0.2	250
10	1.6	37.0688	0.2	250
10	1.65	38.9833	0.2	250
10	1.7	40.9311	0.2	250
10	1.75	43.0833	0.2	250
10	1.8	45.2302	0.2	250
10	1.85	47.4051	0.2	250
10	1.9	49.7069	0.2	250
10	1.95	52.0029	0.2	250
10	2	54.4357	0.2	250
10	2.05	56.969	0.2	250
10	2.1	59.4674	0.2	250
10	2.15	62.1179	0.2	250
10	2.2	64.8346	0.2	250
10	2.25	67.5222	0.2	250
10	2.3	70.3181	0.2	250
10	2.35	73.1176	0.2	250
10	2.4	76.1526	0.2	250
10	2.45	79.0407	0.2	250
10	2.5	82.0896	0.2	250
10	2.55	85.4386	0.2	250
10	2.6	88.4133	0.2	250
10	2.65	91.6413	0.2	250
10	2.7	95.1535	0.2	250
10	2.75	98.4652	0.2	250
10	2.8	101.997	0.2	250
10	2.85	105.559	0.2	250
10	2.9	109.136	0.2	250
10	2.95	112.568	0.2	250
10	3	116.236	0.2	250
10.1	0.1	9.33828e-06	0.2	250
10.1	0.15	0.000288981	0.2	250
10.1	0.2	0.00557619	0.2	250
10.1	0.25	0.0897969	0.2	250
10.1	0.3	0.672455	0.2	250
10.1	0.35	2.47008	0.2	250
10.1	0.4	3.5474	0.2	250
10.1	0.45	17.1286	0.2	250
10.1	0.5	80.4242	0.2	250
10.1	0.55	61.0383	0.2	250
10.1	0.6	45.119	0.2	250
10.1	0.65	33.7218	0.2	250
10.1	0.7	26.877	0.2	250
10.1	0.75	23.0942	0.2	250
10.1	0.8	21.0906	0.2	250
10.1	0.85	20.168	0.2	250
10.1	0.9	19.9135	0.2	250
10.1	0.95	15.918	0.2	250
10.1	1	20.5648	0.2	250
10.1	1.05	21.2635	0.2	250
10.1	1.1	22.1459	0.2	250
10.1	1.15	23.1703	0.2	250
10.1	1.2	24.2767	0.2	250
10.1	1.25	25.5458	0.2	250
10.1	1.3	26.9556	0.2	250
10.1	1.35	28.3985	0.2	250
10.1	1.4	29.9454	0.2	250
10.1	1.45	31.5562	0.2	250
10.1	1.5	33.2502	0.2	250
10.1	1.55	35.0468	0.2	250
10.1	1.6	36.9225	0.2	250
10.1	1.65	38.8566	0.2	250
10.1	1.7	40.8919	0.2	250
10.1	1.75	42.9112	0.2	250
10.1	1.8	45.0444	0.2	250
10.1	1.85	47.3197	0.2	250
10.1	1.9	49.5514	0.2	250
10.1	1.95	51.9783	0.2	250
10.1	2	54.3029	0.2	250
10.1	2.05	56.8158	0.2	250
10.1	2.1	59.3631	0.2	250
10.1	2.15	61.9723	0.2	250
10.1	2.2	64.6068	0.2	250
10.1	2.25	67.3577	0.2	250
10.1	2.3	70.1515	0.2	250
10.1	2.35	73.1762	0.2	250
10.1	2.4	76.0645	0.2	250
10.1	2.45	79.0436	0.2	250
10.1	2.5	82.0865	0.2	250
10.1	2.55	85.3086	0.2	250
10.1	2.6	88.5348	0.2	250
10.1	2.65	91.3546	0.2	250
10.1	2.7	95.006	0.2	250
10.1	2.75	98.3067	0.2	250
10.1	2.8	102.016	0.2	250
10.1	2.85	105.376	0.2	250
10.1	2.9	108.914	0.2	250
10.1	2.95	112.604	0.2	250
10.1	3	116.49	0.2	250
10.2	0.1	9.70402e-06	0.2	250
10.2	0.15	0.000302637	0.2	250
10.2	0.2	0.0058773	0.2	250
10.2	0.25	0.092382	0.2	250
10.2	0.3	0.721001	0.2	250
10.2	0.35	2.41033	0.2	250
10.2	0.4	3.59666	0.2	250
10.2	0.45	22.6085	0.2	250
10.2	0.5	78.1263	0.2	250
10.2	0.55	58.9148	0.2	250
10.2	0.6	42.844	0.2	250
10.2	0.65	32.5741	0.2	250
10.2	0.7	25.8519	0.2	250
10.2	0.75	22.3588	0.2	250
10.2	0.8	20.5678	0.2	250
10.2	0.85	19.7737	0.2	250
10.2	0.9	19.6087	0.2	250
10.2	0.95	16.1707	0.2	250
10.2	1	20.3399	0.2	250
10.2	1.05	21.062	0.2	250
10.2	1.1	21.9652	0.2	250
10.2	1.15	22.9601	0.2	250
10.2	1.2	24.1717	0.2	250
10.2	1.25	25.4353	0.2	250
10.2	1.3	26.7592	0.2	250
10.2	1.35	28.2183	0.2	250
10.2	1.4	29.8166	0.2	250
10.2	1.45	31.4026	0.2	250
10.2	1.5	33.1708	0.2	250
10.2	1.55	34.8857	0.2	250
10.2	1.6	36.8479	0.2	250
10.2	1.65	38.7943	0.2	250
10.2	1.7	40.721	0.2	250
10.2	1.75	42.8031	0.2	250
10.2	1.8	44.9265	0.2	250
10.2	1.85	47.2055	0.2	250
10.2	1.9	49.4572	0.2	250
10.2	1.95	51.8631	0.2	250
10.2	2	54.3086	0.2	250
10.2	2.05	56.668	0.2	250
10.2	2.1	59.2182	0.2	250
10.2	2.15	61.8852	0.2	250
10.2	2.2	64.5668	0.2	250
10.2	2.25	67.2363	0.2	250
10.2	2.3	70.214	0.2	250
10.2	2.35	72.9903	0.2	250
10.2	2.4	76.0491	0.2	250
10.2	2.45	78.915	0.2	250
10.2	2.5	81.9091	0.2	250
10.2	2.55	84.9925	0.2	250
10.2	2.6	88.4627	0.2	250
10.2	2.65	91.5726	0.2	250
10.2	2.7	95.0327	0.2	250
10.2	2.75	98.458	0.2	250
10.2	2.8	101.928	0.2	250
10.2	2.85	105.204	0.2	250
10.2	2.9	108.415	0.2	250
10.2	2.95	112.575	0.2	250
10.2	3	116.35	0.2	250
10.3	0.1	1.00941e-05	0.2	250
10.3	0.15	0.000314521	0.2	250
10.3	0.2	0.00616865	0.2	250
10.3	0.25	0.0958678	0.2	250
10.3	0.3	0.766047	0.2	250
10.3	0.35	2.36528	0.2	250
10.3	0.4	3.69338	0.2	250
10.3	0.45	72.2546	0.2	250
10.3	0.5	74.8012	0.2	250
10.3	0.55	56.1501	0.2	250
10.3	0.6	41.5586	0.2	250
10.3	0.65	31.295	0.2	250
10.3	0.7	25.1044	0.2	250
10.3	0.75	21.7444	0.2	250
10.3	0.8	20.104	0.2	250
10.3	0.85	19.4171	0.2	250
10.3	0.95	16.1541	0.2	250
10.3	1	20.1065	0.2	250
10.3	1.05	20.8401	0.2	250
10.3	1.1	21.7762	0.2	250
10.3	1.15	22.828	0.2	250
10.3	1.2	24.0175	0.2	250
10.3	1.25	25.3068	0.2	250
10.3	1.3	26.6673	0.2	250
10.3	1.35	28.1468	0.2	250
10.3	1.4	29.7119	0.2	250
10.3	1.45	31.3444	0.2	250
10.3	1.5	33.0666	0.2	250
10.3	1.55	34.8717	0.2	250
10.3	1.6	36.7482	0.2	250
10.3	1.65	38.6518	0.2	250
10.3	1.7	40.6978	0.2	250
10.3	1.75	42.7251	0.2	250
10.3	1.8	44.9309	0.2	250
10.3	1.85	47.1305	0.2	250
10.3	1.9	49.4282	0.2	250
10.3	1.95	51.6186	0.2	250
10.3	2	54.031	0.2	250
10.3	2.05	56.65	0.2	250
10.3	2.1	59.2743	0.2	250
10.3	2.15	61.6755	0.2	250
10.3	2.2	64.5198	0.2	250
10.3	2.25	67.1371	0.2	250
10.3	2.3	70.098	0.2	250
10.3	2.35	72.8137	0.2	250
10.3	2.4	75.7571	0.2	250
10.3	2.45	78.7991	0.2	250
10.3	2.5	81.7852	0.2	250
10.3	2.55	85.0341	0.2	250
10.3	2.6	88.1452	0.2	250
10.3	2.65	91.6673	0.2	250
10.3	2.7	94.9593	0.2	250
10.3	2.75	97.9267	0.2	250
10.3	2.8	101.725	0.2	250
10.3	2.85	104.9	0.2	250
10.3	2.9	108.55	0.2	250
10.3	2.95	112.41	0.2	250
10.3	3	115.796	0.2	250
10.4	0.1	1.05065e-05	0.2	250
10.4	0.15	0.000328126	0.2	250
10.4	0.2	0.00648725	0.2	250
10.4	0.25	0.0990647	0.2	250
10.4	0.3	0.820361	0.2	250
10.4	0.35	2.31151	0.2	250
10.4	0.4	3.80743	0.2	250
10.4	0.45	74.2895	0.2	250
10.4	0.5	72.5702	0.2	250
10.4	0.55	54.5313	0.2	250
10.4	0.6	39.6234	0.2	250
10.4	0.65	29.8776	0.2	250
10.4	0.7	24.1937	0.2	250
10.4	0.75	21.218	0.2	250
10.4	0.8	19.662	0.2	250
10.4	0.85	19.1003	0.2	250
10.4	1	19.9131	0.2	250
10.4	1.05	20.6778	0.2	250
10.4	1.1	21.6148	0.2	250
10.4	1.15	22.6775	0.2	250
10.4	1.2	23.8541	0.2	250
10.4	1.25	25.1678	0.2	250
10.4	1.3	26.5625	0.2	250
10.4	1.35	27.9871	0.2	250
10.4	1.4	29.6065	0.2	250
10.4	1.45	31.2354	0.2	250
10.4	1.5	32.9451	0.2	250
10.4	1.55	34.7674	0.2	250
10.4	1.6	36.6008	0.2	250
10.4	1.65	38.5836	0.2	250
10.4	1.7	40.565	0.2	250
10.4	1.75	42.63	0.2	250
10.4	1.8	44.8035	0.2	250
10.4	1.85	47.0578	0.2	250
10.4	1.9	49.281	0.2	250
10.4	1.95	51.7191	0.2	250
10.4	2	53.99	0.2	250
10.4	2.05	56.6071	0.2	250
10.4	2.1	59.1537	0.2	250
10.4	2.15	61.6935	0.2	250
10.4	2.2	64.4617	0.2	250
10.4	2.25	67.1312	0.2	250
10.4	2.3	70.0435	0.2	250
10.4	2.35	72.9094	0.2	250
10.4	2.4	75.8959	0.2	250
10.4	2.45	78.6991	0.2	250
10.4	2.5	82.008	0.2	250
10.4	2.55	85.0878	0.2	250
10.4	2.6	88.0753	0.2	250
10.4	2.65	91.5188	0.2	250
10.4	2.7	94.5756	0.2	250
10.4	2.75	98.0349	0.2	250
10.4	2.8	101.768	0.2	250
10.4	2.85	104.944	0.2	250
10.4	2.9	108.852	0.2	250
10.4	2.95	112.484	0.2	250
10.4	3	116.011	0.2	250
10.5	0.1	1.09015e-05	0.2	250
10.5	0.15	0.0003432	0.2	250
10.5	0.2	0.0068498	0.2	250
10.5	0.25	0.103153	0.2	250
10.5	0.3	0.868657	0.2	250
10.5	0.35	2.26654	0.2	250
10.5	0.4	3.95047	0.2	250
10.5	0.45	75.2279	0.2	250
10.5	0.5	69.3113	0.2	250
10.5	0.55	52.0108	0.2	250
10.5	0.6	38.0847	0.2	250
10.5	0.65	28.648	0.2	250
10.5	0.7	23.4664	0.2	250
10.5	0.75	20.6127	0.2	250
10.5	0.8	19.2464	0.2	250
10.5	0.85	18.7675	0.2	250
10.5	0.95	19.1567	0.2	250
10.5	1	19.7107	0.2	250
10.5	1.05	20.5077	0.2	250
10.5	1.1	21.4227	0.2	250
10.5	1.15	22.5207	0.2	250
10.5	1.2	23.6841	0.2	250
10.5	1.25	25.026	0.2	250
10.5	1.3	26.3708	0.2	250
10.5	1.35	27.9108	0.2	250
10.5	1.4	29.447	0.2	250
10.5	1.45	31.1351	0.2	250
10.5	1.5	32.8525	0.2	250
10.5	1.55	34.6655	0.2	250
10.5	1.6	36.5233	0.2	250
10.5	1.65	38.4739	0.2	250
10.5	1.7	40.5062	0.2	250
10.5	1.75	42.5727	0.2	250
10.5	1.8	44.7503	0.2	250
10.5	1.85	46.8794	0.2	250
10.5	1.9	49.2124	0.2	250
10.5	1.95	51.6293	0.2	250
10.5	2	53.9283	0.2	250
10.5	2.05	56.5241	0.2	250
10.5	2.1	58.9878	0.2	250
10.5	2.15	61.6361	0.2	250
10.5	2.2	64.2364	0.2	250
10.5	2.25	67.0244	0.2	250
10.5	2.3	69.9857	0.2	250
10.5	2.35	72.7661	0.2	250
10.5	2.4	75.7005	0.2	250
10.5	2.45	78.8506	0.2	250
10.5	2.5	81.5822	0.2	250
10.5	2.55	85.061	0.2	250
10.5	2.6	88.0925	0.2	250
10.5	2.65	91.5571	0.2	250
10.5	2.7	94.7667	0.2	250
10.5	2.75	98.0912	0.2	250
10.5	2.8	101.353	0.2	250
10.5	2.85	105.141	0.2	250
10.5	2.9	108.817	0.2	250
10.5	2.95	112.374	0.2	250
10.5	3	116.121	0.2	250
10.6	0.1	1.13523e-05	0.2	250
10.6	0.15	0.000356135	0.2	250
10.6	0.2	0.00716185	0.2	250
10.6	0.25	0.105944	0.2	250
10.6	0.3	0.92534	0.2	250
10.6	0.35	2.22719	0.2	250
10.6	0.4	4.09827	0.2	250
10.6	0.45	74.7731	0.2	250
10.6	0.5	66.9837	0.2	250
10.6	0.55	50.139	0.2	250
10.6	0.6	36.2208	0.2	250
10.6	0.65	27.6022	0.2	250
10.6	0.7	22.7873	0.2	250
10.6	0.75	20.1795	0.2	250
10.6	0.8	18.881	0.2	250
10.6	0.85	18.4363	0.2	250
10.6	0.95	18.8534	0.2	250
10.6	1	19.5095	0.2	250
10.6	1.05	20.3359	0.2	250
10.6	1.1	21.2792	0.2	250
10.6	1.15	22.3685	0.2	250
10.6	1.2	23.598	0.2	250
10.6	1.25	24.8638	0.2	250
10.6	1.3	26.263	0.2	250
10.6	1.35	27.8117	0.2	250
10.6	1.4	29.3442	0.2	250
10.6	1.45	30.9922	0.2	250
10.6	1.5	32.6576	0.2	250
10.6	1.55	34.5707	0.2	250
10.6	1.6	36.3407	0.2	250
10.6	1.65	38.4116	0.2	250
10.6	1.7	40.357	0.2	250
10.6	1.75	42.3802	0.2	250
10.6	1.8	44.6744	0.2	250
10.6	1.85	46.791	0.2	250
10.6	1.9	49.145	0.2	250
10.6	1.95	51.4854	0.2	250
10.6	2	53.9686	0.2	250
10.6	2.05	56.2616	0.2	250
10.6	2.1	58.9536	0.2	250
10.6	2.15	61.4652	0.2	250
10.6	2.2	64.166	0.2	250
10.6	2.25	67.0808	0.2	250
10.6	2.3	69.7827	0.2	250
10.6	2.35	72.7974	0.2	250
10.6	2.4	75.7233	0.2	250
10.6	2.45	78.6102	0.2	250
10.6	2.5	81.8039	0.2	250
10.6	2.55	84.7349	0.2	250
10.6	2.6	87.9003	0.2	250
10.6	2.65	91.0877	0.2	250
10.6	2.7	94.6901	0.2	250
10.6	2.75	97.9788	0.2	250
10.6	2.8	101.456	0.2	250
10.6	2.85	105.168	0.2	250
10.6	2.9	108.37	0.2	250
10.6	2.95	112.32	0.2	250
10.6	3	116.13	0.2	250
10.7	0.1	1.17667e-05	0.2	250
10.7	0.15	0.00037078	0.2	250
10.7	0.2	0.00755006	0.2	250
10.7	0.25	0.109706	0.2	250
10.7	0.3	0.978882	0.2	250
10.7	0.35	2.19382	0.2	250
10.7	0.4	4.23137	0.2	250
10.7	0.45	74.3239	0.2	250
10.7	0.5	64.9123	0.2	250
10.7	0.55	48.2414	0.2	250
10.7	0.6	35.2108	0.2	250
10.7	0.65	26.7425	0.2	250
10.7	0.7	22.029	0.2	250
10.7	0.75	19.6632	0.2	250
10.7	0.8	18.5578	0.2	250
10.7	0.85	18.1403	0.2	250
10.7	0.95	18.6788	0.2	250
10.7	1	19.3372	0.2	250
10.7	1.05	20.1409	0.2	250
10.7	1.1	21.1407	0.2	250
10.7	1.15	22.2487	0.2	250
10.7	1.2	23.4594	0.2	250
10.7	1.25	24.79	0.2	250
10.7	1.3	26.182	0.2	250
10.7	1.35	27.6692	0.2	250
10.7	1.4	29.1952	0.2	250
10.7	1.45	30.8786	0.2	250
10.7	1.5	32.6212	0.2	250
10.7	1.55	34.3789	0.2	250
10.7	1.6	36.2776	0.2	250
10.7	1.65	38.2614	0.2	250
10.7	1.7	40.3136	0.2	250
10.7	1.75	42.3614	0.2	250
10.7	1.8	44.5516	0.2	250
10.7	1.85	46.8114	0.2	250
10.7	1.9	49.0377	0.2	250
10.7	1.95	51.4284	0.2	250
10.7	2	53.8237	0.2	250
10.7	2.05	56.3977	0.2	250
10.7	2.1	58.8437	0.2	250
10.7	2.15	61.5705	0.2	250
10.7	2.2	64.1511	0.2	250
10.7	2.25	67.0072	0.2	250
10.7	2.3	69.7567	0.2	250
10.7	2.35	72.5182	0.2	250
10.7	2.4	75.6581	0.2	250
10.7	2.45	78.4513	0.2	250
10.7	2.5	81.7005	0.2	250
10.7	2.55	84.7986	0.2	250
10.7	2.6	87.8264	0.2	250
10.7	2.65	91.3819	0.2	250
10.7	2.7	94.5608	0.2	250
10.7	2.75	98.0684	0.2	250
10.7	2.8	101.559	0.2	250
10.7	2.85	105.086	0.2	250
10.7	2.9	108.615	0.2	250
10.7	2.95	111.929	0.2	250
10.7	3	116.011	0.2	250
10.8	0.1	1.2239e-05	0.2	250
10.8	0.15	0.00038783	0.2	250
10.8	0.2	0.00790203	0.2	250
10.8	0.25	0.113427	0.2	250
10.8	0.3	1.02413	0.2	250
10.8	0.35	2.16237	0.2	250
10.8	0.4	4.43783	0.2	250
10.8	0.45	73.24	0.2	250
10.8	0.5	62.352	0.2	250
10.8	0.55	45.8897	0.2	250
10.8	0.6	33.4221	0.2	250
10.8	0.65	25.6821	0.2	250
10.8	0.7	21.3829	0.2	250
10.8	0.75	19.1865	0.2	250
10.8	0.8	18.17	0.2	250
10.8	0.85	17.861	0.2	250
10.8	0.95	18.4768	0.2	250
10.8	1	19.1581	0.2	250
10.8	1.05	20.0098	0.2	250
10.8	1.1	21.0095	0.2	250
10.8	1.15	22.0896	0.2	250
10.8	1.2	23.3508	0.2	250
10.8	1.25	24.6662	0.2	250
10.8	1.3	26.0533	0.2	250
10.8	1.35	27.5691	0.2	250
10.8	1.4	29.1424	0.2	250
10.8	1.45	30.835	0.2	250
10.8	1.5	32.5757	0.2	250
10.8	1.55	34.3617	0.2	250
10.8	1.6	36.2497	0.2	250
10.8	1.65	38.187	0.2	250
10.8	1.7	40.2208	0.2	250
10.8	1.75	42.2901	0.2	250
10.8	1.8	44.5044	0.2	250
10.8	1.85	46.742	0.2	250
10.8	1.9	48.9809	0.2	250
10.8	1.95	51.3221	0.2	250
10.8	2	53.8265	0.2	250
10.8	2.05	56.2765	0.2	250
10.8	2.1	58.8402	0.2	250
10.8	2.15	61.3879	0.2	250
10.8	2.2	64.0308	0.2	250
10.8	2.25	66.8975	0.2	250
10.8	2.3	69.5121	0.2	250
10.8	2.35	72.5089	0.2	250
10.8	2.4	75.4099	0.2	250
10.8	2.45	78.502	0.2	250
10.8	2.5	81.6797	0.2	250
10.8	2.55	84.8619	0.2	250
10.8	2.6	87.8245	0.2	250
10.8	2.65	91.1769	0.2	250
10.8	2.7	94.6643	0.2	250
10.8	2.75	97.9914	0.2	250
10.8	2.8	101.226	0.2	250
10.8	2.85	104.998	0.2	250
10.8	2.9	108.24	0.2	250
10.8	2.95	112.292	0.2	250
10.8	3	115.864	0.2	250
10.9	0.1	1.26802e-05	0.2	250
10.9	0.15	0.000402125	0.2	250
10.9	0.2	0.00831175	0.2	250
10.9	0.25	0.116598	0.2	250
10.9	0.3	1.07868	0.2	250
10.9	0.35	2.1541	0.2	250
10.9	0.4	4.69299	0.2	250
10.9	0.45	72.7619	0.2	250
10.9	0.5	61.0143	0.2	250
10.9	0.55	44.5748	0.2	250
10.9	0.6	32.4859	0.2	250
10.9	0.65	24.8917	0.2	250
10.9	0.7	20.8308	0.2	250
10.9	0.75	18.7729	0.2	250
10.9	0.8	17.8788	0.2	250
10.9	0.85	17.6363	0.2	250
10.9	0.9	15.5144	0.2	250
10.9	0.95	18.2994	0.2	250
10.9	1	18.9881	0.2	250
10.9	1.05	19.8565	0.2	250
10.9	1.1	20.8635	0.2	250
10.9	1.15	21.995	0.2	250
10.9	1.2	23.2339	0.2	250
10.9	1.25	24.5301	0.2	250
10.9	1.3	25.9855	0.2	250
10.9	1.35	27.4253	0.2	250
10.9	1.4	29.0613	0.2	250
10.9	1.45	30.6531	0.2	250
10.9	1.5	32.4253	0.2	250
10.9	1.55	34.257	0.2	250
10.9	1.6	36.1386	0.2	250
10.9	1.65	38.1404	0.2	250
10.9	1.7	40.1397	0.2	250
10.9	1.75	42.1527	0.2	250
10.9	1.8	44.3893	0.2	250
10.9	1.85	46.6526	0.2	250
10.9	1.9	48.9589	0.2	250
10.9	1.95	51.2647	0.2	250
10.9	2	53.7463	0.2	250
10.9	2.05	56.2171	0.2	250
10.9	2.1	58.7568	0.2	250
10.9	2.15	61.3854	0.2	250
10.9	2.2	64.1111	0.2	250
10.9	2.25	66.8812	0.2	250
10.9	2.3	69.6834	0.2	250
10.9	2.35	72.6015	0.2	250
10.9	2.4	75.303	0.2	250
10.9	2.45	78.5201	0.2	250
10.9	2.5	81.5335	0.2	250
10.9	2.55	84.5104	0.2	250
10.9	2.6	87.756	0.2	250
10.9	2.65	91.203	0.2	250
10.9	2.7	94.353	0.2	250
10.9	2.75	97.9403	0.2	250
10.9	2.8	101.362	0.2	250
10.9	2.85	104.748	0.2	250
10.9	2.9	108.503	0.2	250
10.9	2.95	112.204	0.2	250
10.9	3	115.516	0.2	250
11	0.1	1.31977e-05	0.2	250
11	0.15	0.00041822	0.2	250
11	0.2	0.00869673	0.2	250
11	0.25	0.120193	0.2	250
11	0.3	1.12069	0.2	250
11	0.35	2.13508	0.2	250
11	0.4	4.89997	0.2	250
11	0.45	70.0984	0.2	250
11	0.5	57.9757	0.2	250
11	0.55	42.7061	0.2	250
11	0.6	30.9153	0.2	250
11	0.65	23.9788	0.2	250
11	0.7	20.2631	0.2	250
11	0.75	18.346	0.2	250
11	0.8	17.5289	0.2	250
11	0.85	17.3714	0.2	250
11	0.95	18.1204	0.2	250
11	1	18.8307	0.2	250
11	1.05	19.7126	0.2	250
11	1.1	20.7054	0.2	250
11	1.15	21.8653	0.2	250
11	1.2	23.0934	0.2	250
11	1.25	24.4339	0.2	250
11	1.3	25.8446	0.2	250
11	1.35	27.3488	0.2	250
11	1.4	28.9648	0.2	250
11	1.45	30.6496	0.2	250
11	1.5	32.3941	0.2	250
11	1.55	34.2195	0.2	250
11	1.6	36.0261	0.2	250
11	1.65	37.9865	0.2	250
11	1.7	40.0846	0.2	250
11	1.75	42.176	0.2	250
11	1.8	44.3267	0.2	250
11	1.85	46.5214	0.2	250
11	1.9	48.7099	0.2	250
11	1.95	51.0851	0.2	250
11	2	53.6493	0.2	250
11	2.05	56.0475	0.2	250
11	2.1	58.5371	0.2	250
11	2.15	61.3499	0.2	250
11	2.2	63.9417	0.2	250
11	2.25	66.7013	0.2	250
11	2.3	69.5998	0.2	250
11	2.35	72.4943	0.2	250
11	2.4	75.3691	0.2	250
11	2.45	78.5048	0.2	250
11	2.5	81.5417	0.2	250
11	2.55	84.5258	0.2	250
11	2.6	87.6724	0.2	250
11	2.65	91.1425	0.2	250
11	2.7	94.5246	0.2	250
11	2.75	97.9011	0.2	250
11	2.8	101.023	0.2	250
11	2.85	104.695	0.2	250
11	2.9	108.148	0.2	250
11	2.95	112.118	0.2	250
11	3	115.348	0.2	250
9.3	1.05	23.1978	0.2	1250
9.5	0.95	21.9823	0.2	1250
9.6	0.95	21.6272	0.2	1250
9.8	1	21.2555	0.2	1250
10.3	0.9	19.3093	0.2	1250
10.4	0.9	19.0106	0.2	1250
10.4	0.95	19.3431	0.2	1250
10.5	0.9	18.7576	0.2	1250
10.6	0.9	18.522	0.2	1250
10.7	0.9	18.272	0.2	1250
10.8	0.9	18.0456	0.2	1250
11	0.9	17.604	0.2	1250
8.5	0.1	4.64383e-06	0.2	250
8.5	0.15	0.000139092	0.2	250
8.5	0.2	0.00228643	0.2	250
8.5	0.25	0.0360127	0.2	250
8.5	0.3	0.298004	0.2	250
8.5	0.35	1.96788	0.2	250
8.5	0.4	4.06603	0.2	250
8.5	0.45	5.10966	0.2	250
8.5	0.5	18.5155	0.2	250
8.5	0.55	120.838	0.2	250
8.5	0.6	93.0717	0.2	250
8.5	0.65	71.5081	0.2	250
8.5	0.7	54.7032	0.2	250
8.5	0.75	43.3776	0.2	250
8.5	0.8	35.4509	0.2	250
8.5	0.85	31.0267	0.2	250
8.5	0.9	28.4486	0.2	250
8.5	0.95	27.0397	0.2	250
8.5	1	26.3964	0.2	250
8.5	1.05	30.3649	0.2	250
8.5	1.1	24.1154	0.2	250
8.5	1.15	27.2071	0.2	250
8.5	1.2	28.0142	0.2	250
8.5	1.25	28.9667	0.2	250
8.5	1.3	30.1468	0.2	250
8.5	1.35	31.3922	0.2	250
8.5	1.4	32.806	0.2	250
8.5	1.45	34.2977	0.2	250
8.5	1.5	35.8709	0.2	250
8.5	1.55	37.5219	0.2	250
8.5	1.6	39.3505	0.2	250
8.5	1.65	41.2073	0.2	250
8.5	1.7	43.1512	0.2	250
8.5	1.75	45.1229	0.2	250
8.5	1.8	47.2579	0.2	250
8.5	1.85	49.3445	0.2	250
8.5	1.9	51.5833	0.2	250
8.5	1.95	53.8857	0.2	250
8.5	2	56.3434	0.2	250
8.5	2.05	58.802	0.2	250
8.5	2.1	61.2319	0.2	250
8.5	2.15	63.9045	0.2	250
8.5	2.2	66.5538	0.2	250
8.5	2.25	69.278	0.2	250
8.5	2.3	71.939	0.2	250
8.5	2.35	74.9061	0.2	250
8.5	2.4	77.7208	0.2	250
8.5	2.45	80.8467	0.2	250
8.5	2.5	83.882	0.2	250
8.5	2.55	87.0251	0.2	250
8.5	2.6	90.1862	0.2	250
8.5	2.65	93.3239	0.2	250
8.5	2.7	96.6687	0.2	250
8.5	2.75	99.9959	0.2	250
8.5	2.8	103.507	0.2	250
8.5	2.85	106.89	0.2	250
8.5	2.9	110.577	0.2	250
8.5	2.95	114.293	0.2	250
8.5	3	117.964	0.2	250
8.5	3.05	121.566	0.2	250
8.5	3.1	125.321	0.2	250
8.5	3.15	129.524	0.2	250
8.5	3.2	133.325	0.2	250
8.5	3.25	137.016	0.2	250
8.5	3.3	141.54	0.2	250
8.5	3.35	145.766	0.2	250
8.5	3.4	149.543	0.2	250
8.5	3.45	154.18	0.2	250
8.5	3.5	158.491	0.2	250
8.6	0.1	4.87275e-06	0.2	250
8.6	0.15	0.000145808	0.2	250
8.6	0.2	0.00242254	0.2	250
8.6	0.25	0.0383483	0.2	250
8.6	0.3	0.307307	0.2	250
8.6	0.35	2.13037	0.2	250
8.6	0.4	3.92461	0.2	250
8.6	0.45	5.25959	0.2	250
8.6	0.5	25.1008	0.2	250
8.6	0.55	114.394	0.2	250
8.6	0.6	88.3391	0.2	250
8.6	0.65	67.6439	0.2	250
8.6	0.7	52.4461	0.2	250
8.6	0.75	40.7857	0.2	250
8.6	0.8	34.2409	0.2	250
8.6	0.85	29.9461	0.2	250
8.6	0.9	27.5591	0.2	250
8.6	0.95	26.3525	0.2	250
8.6	1	25.8516	0.2	250
8.6	1.05	29.2618	0.2	250
8.6	1.1	22.6531	0.2	250
8.6	1.15	26.8553	0.2	250
8.6	1.2	27.6839	0.2	250
8.6	1.25	28.7075	0.2	250
8.6	1.3	29.8714	0.2	250
8.6	1.35	31.1616	0.2	250
8.6	1.4	32.5643	0.2	250
8.6	1.45	34.0497	0.2	250
8.6	1.5	35.6376	0.2	250
8.6	1.55	37.3165	0.2	250
8.6	1.6	39.0355	0.2	250
8.6	1.65	41.002	0.2	250
8.6	1.7	42.9603	0.2	250
8.6	1.75	44.8942	0.2	250
8.6	1.8	46.967	0.2	250
8.6	1.85	49.1264	0.2	250
8.6	1.9	51.5024	0.2	250
8.6	1.95	53.8015	0.2	250
8.6	2	56.1047	0.2	250
8.6	2.05	58.5565	0.2	250
8.6	2.1	61.1633	0.2	250
8.6	2.15	63.7404	0.2	250
8.6	2.2	66.3507	0.2	250
8.6	2.25	68.8913	0.2	250
8.6	2.3	71.8981	0.2	250
8.6	2.35	74.5853	0.2	250
8.6	2.4	77.4264	0.2	250
8.6	2.45	80.6913	0.2	250
8.6	2.5	83.653	0.2	250
8.6	2.55	86.7529	0.2	250
8.6	2.6	89.7163	0.2	250
8.6	2.65	93.2017	0.2	250
8.6	2.7	96.3656	0.2	250
8.6	2.75	99.7123	0.2	250
8.6	2.8	103.003	0.2	250
8.6	2.85	106.595	0.2	250
8.6	2.9	110.093	0.2	250
8.6	2.95	114.02	0.2	250
8.6	3	117.684	0.2	250
8.6	3.05	121.48	0.2	250
8.6	3.1	125.261	0.2	250
8.6	3.15	129.259	0.2	250
8.6	3.2	133.143	0.2	250
8.6	3.25	137.201	0.2	250
8.6	3.3	141.253	0.2	250
8.6	3.35	145.616	0.2	250
8.6	3.4	149.089	0.2	250
8.6	3.45	153.823	0.2	250
8.6	3.5	158.176	0.2	250
8.7	0.1	5.09977e-06	0.2	250
8.7	0.15	0.000153117	0.2	250
8.7	0.2	0.00255318	0.2	250
8.7	0.25	0.0410289	0.2	250
8.7	0.3	0.317345	0.2	250
8.7	0.35	2.2754	0.2	250
8.7	0.4	3.81315	0.2	250
8.7	0.45	5.32909	0.2	250
8.7	0.5	128.218	0.2	250
8.7	0.55	110.301	0.2	250
8.7	0.6	85.5162	0.2	250
8.7	0.65	65.1013	0.2	250
8.7	0.7	49.5519	0.2	250
8.7	0.75	39.2809	0.2	250
8.7	0.8	32.8124	0.2	250
8.7	0.85	28.8927	0.2	250
8.7	0.9	26.7983	0.2	250
8.7	0.95	25.7408	0.2	250
8.7	1	25.3625	0.2	250
8.7	1.05	27.0737	0.2	250
8.7	1.1	22.3212	0.2	250
8.7	1.15	26.5222	0.2	250
8.7	1.2	27.3933	0.2	250
8.7	1.25	28.4316	0.2	250
8.7	1.3	29.6079	0.2	250
8.7	1.35	30.9071	0.2	250
8.7	1.4	32.3124	0.2	250
8.7	1.45	33.8508	0.2	250
8.7	1.5	35.4358	0.2	250
8.7	1.55	37.1651	0.2	250
8.7	1.6	38.9142	0.2	250
8.7	1.65	40.7265	0.2	250
8.7	1.7	42.7172	0.2	250
8.7	1.75	44.7091	0.2	250
8.7	1.8	46.8216	0.2	250
8.7	1.85	49.0864	0.2	250
8.7	1.9	51.2769	0.2	250
8.7	1.95	53.6472	0.2	250
8.7	2	56.0121	0.2	250
8.7	2.05	58.3517	0.2	250
8.7	2.1	60.9994	0.2	250
8.7	2.15	63.6248	0.2	250
8.7	2.2	66.0976	0.2	250
8.7	2.25	68.9245	0.2	250
8.7	2.3	71.598	0.2	250
8.7	2.35	74.581	0.2	250
8.7	2.4	77.5428	0.2	250
8.7	2.45	80.3921	0.2	250
8.7	2.5	83.5558	0.2	250
8.7	2.55	86.6026	0.2	250
8.7	2.6	89.5781	0.2	250
8.7	2.65	93.0588	0.2	250
8.7	2.7	96.1904	0.2	250
8.7	2.75	99.8675	0.2	250
8.7	2.8	102.985	0.2	250
8.7	2.85	106.68	0.2	250
8.7	2.9	110.331	0.2	250
8.7	2.95	113.673	0.2	250
8.7	3	117.691	0.2	250
8.7	3.05	121.228	0.2	250
8.7	3.1	124.991	0.2	250
8.7	3.15	129.206	0.2	250
8.7	3.2	133.158	0.2	250
8.7	3.25	136.67	0.2	250
8.7	3.3	141.337	0.2	250
8.7	3.35	145.471	0.2	250
8.7	3.4	149.691	0.2	250
8.7	3.45	153.756	0.2	250
8.7	3.5	157.828	0.2	250
8.8	0.1	5.34125e-06	0.2	250
8.8	0.15	0.000161055	0.2	250
8.8	0.2	0.00270976	0.2	250
8.8	0.25	0.0438592	0.2	250
8.8	0.3	0.328493	0.2	250
8.8	0.35	2.39243	0.2	250
8.8	0.4	3.68796	0.2	250
8.8	0.45	5.49557	0.2	250
8.8	0.5	126.419	0.2	250
8.8	0.55	104.662	0.2	250
8.8	0.6	81.7798	0.2	250
8.8	0.65	61.8653	0.2	250
8.8	0.7	47.1747	0.2	250
8.8	0.75	37.364	0.2	250
8.8	0.8	31.4464	0.2	250
8.8	0.85	28.0499	0.2	250
8.8	0.9	26.1074	0.2	250
8.8	0.95	25.1747	0.2	250
8.8	1.05	25.0943	0.2	250
8.8	1.1	22.0372	0.2	250
8.8	1.15	26.1695	0.2	250
8.8	1.2	27.0982	0.2	250
8.8	1.25	28.167	0.2	250
8.8	1.3	29.3593	0.2	250
8.8	1.35	30.6672	0.2	250
8.8	1.4	32.1125	0.2	250
8.8	1.45	33.6473	0.2	250
8.8	1.5	35.2718	0.2	250
8.8	1.55	36.9603	0.2	250
8.8	1.6	38.7133	0.2	250
8.8	1.65	40.5248	0.2	250
8.8	1.7	42.5864	0.2	250
8.8	1.75	44.6419	0.2	250
8.8	1.8	46.7213	0.2	250
8.8	1.85	48.9277	0.2	250
8.8	1.9	51.1204	0.2	250
8.8	1.95	53.3568	0.2	250
8.8	2	55.8933	0.2	250
8.8	2.05	58.1964	0.2	250
8.8	2.1	60.8518	0.2	250
8.8	2.15	63.4351	0.2	250
8.8	2.2	65.9873	0.2	250
8.8	2.25	68.6469	0.2	250
8.8	2.3	71.595	0.2	250
8.8	2.35	74.525	0.2	250
8.8	2.4	77.3842	0.2	250
8.8	2.45	80.2575	0.2	250
8.8	2.5	83.4484	0.2	250
8.8	2.55	86.4593	0.2	250
8.8	2.6	89.4743	0.2	250
8.8	2.65	93.0769	0.2	250
8.8	2.7	96.3519	0.2	250
8.8	2.75	99.7902	0.2	250
8.8	2.8	103.217	0.2	250
8.8	2.85	106.721	0.2	250
8.8	2.9	110.25	0.2	250
8.8	2.95	113.955	0.2	250
8.8	3	117.244	0.2	250
8.8	3.05	121.197	0.2	250
8.8	3.1	125.199	0.2	250
8.8	3.15	129.17	0.2	250
8.8	3.2	132.556	0.2	250
8.8	3.25	137.173	0.2	250
8.8	3.3	140.897	0.2	250
8.8	3.35	145.354	0.2	250
8.8	3.4	149.535	0.2	250
8.8	3.45	153.295	0.2	250
8.8	3.5	157.617	0.2	250
8.9	0.1	5.59112e-06	0.2	250
8.9	0.15	0.000168941	0.2	250
8.9	0.2	0.00288415	0.2	250
8.9	0.25	0.0466582	0.2	250
8.9	0.3	0.341309	0.2	250
8.9	0.35	2.51965	0.2	250
8.9	0.4	3.58343	0.2	250
8.9	0.45	5.71121	0.2	250
8.9	0.5	121.046	0.2	250
8.9	0.55	100.934	0.2	250
8.9	0.6	77.8999	0.2	250
8.9	0.65	58.4828	0.2	250
8.9	0.7	45.0964	0.2	250
8.9	0.75	35.6528	0.2	250
8.9	0.8	30.2259	0.2	250
8.9	0.85	27.1042	0.2	250
8.9	0.9	25.4239	0.2	250
8.9	0.95	24.5805	0.2	250
8.9	1	24.4328	0.2	250
8.9	1.05	21.9768	0.2	250
8.9	1.1	25.0834	0.2	250
8.9	1.15	25.8834	0.2	250
8.9	1.2	26.7984	0.2	250
8.9	1.25	27.9023	0.2	250
8.9	1.3	29.0872	0.2	250
8.9	1.35	30.3995	0.2	250
8.9	1.4	31.8889	0.2	250
8.9	1.45	33.4178	0.2	250
8.9	1.5	35.0616	0.2	250
8.9	1.55	36.7532	0.2	250
8.9	1.6	38.5979	0.2	250
8.9	1.65	40.4358	0.2	250
8.9	1.7	42.4353	0.2	250
8.9	1.75	44.4721	0.2	250
8.9	1.8	46.4775	0.2	250
8.9	1.85	48.6958	0.2	250
8.9	1.9	50.9764	0.2	250
8.9	1.95	53.3409	0.2	250
8.9	2	55.7444	0.2	250
8.9	2.05	58.172	0.2	250
8.9	2.1	60.6115	0.2	250
8.9	2.15	63.2982	0.2	250
8.9	2.2	65.7594	0.2	250
8.9	2.25	68.6964	0.2	250
8.9	2.3	71.35	0.2	250
8.9	2.35	74.3831	0.2	250
8.9	2.4	77.3097	0.2	250
8.9	2.45	80.0437	0.2	250
8.9	2.5	83.371	0.2	250
8.9	2.55	86.3566	0.2	250
8.9	2.6	89.5805	0.2	250
8.9	2.65	92.9099	0.2	250
8.9	2.7	96.1852	0.2	250
8.9	2.75	99.5996	0.2	250
8.9	2.8	102.947	0.2	250
8.9	2.85	106.549	0.2	250
8.9	2.9	109.999	0.2	250
8.9	2.95	113.685	0.2	250
8.9	3	117.416	0.2	250
8.9	3.05	120.778	0.2	250
8.9	3.1	124.819	0.2	250
8.9	3.15	128.69	0.2	250
8.9	3.2	132.837	0.2	250
8.9	3.25	136.843	0.2	250
8.9	3.3	140.632	0.2	250
8.9	3.35	144.793	0.2	250
8.9	3.4	149.196	0.2	250
8.9	3.45	153.721	0.2	250
8.9	3.5	157.26	0.2	250
9	0.1	5.84606e-06	0.2	250
9	0.15	0.000176827	0.2	250
9	0.2	0.003059	0.2	250
9	0.25	0.0500007	0.2	250
9	0.3	0.356415	0.2	250
9	0.35	2.61388	0.2	250
9	0.4	3.5337	0.2	250
9	0.45	6.05298	0.2	250
9	0.5	117	0.2	250
9	0.55	97.2025	0.2	250
9	0.6	74.1766	0.2	250
9	0.65	56.1794	0.2	250
9	0.7	42.8109	0.2	250
9	0.75	34.4101	0.2	250
9	0.8	29.2672	0.2	250
9	0.85	26.3409	0.2	250
9	0.9	24.7621	0.2	250
9	0.95	24.1025	0.2	250
9	1	25.1209	0.2	250
9	1.05	20.3721	0.2	250
9	1.1	24.7872	0.2	250
9	1.15	25.6033	0.2	250
9	1.2	26.5573	0.2	250
9	1.25	27.6475	0.2	250
9	1.3	28.8949	0.2	250
9	1.35	30.2461	0.2	250
9	1.4	31.7086	0.2	250
9	1.45	33.2373	0.2	250
9	1.5	34.8912	0.2	250
9	1.55	36.6186	0.2	250
9	1.6	38.4108	0.2	250
9	1.65	40.3139	0.2	250
9	1.7	42.1586	0.2	250
9	1.75	44.3214	0.2	250
9	1.8	46.4332	0.2	250
9	1.85	48.6224	0.2	250
9	1.9	50.832	0.2	250
9	1.95	53.1205	0.2	250
9	2	55.4806	0.2	250
9	2.05	58.0779	0.2	250
9	2.1	60.6177	0.2	250
9	2.15	63.1405	0.2	250
9	2.2	65.8695	0.2	250
9	2.25	68.61	0.2	250
9	2.3	71.2368	0.2	250
9	2.35	74.1974	0.2	250
9	2.4	77.1785	0.2	250
9	2.45	80.0581	0.2	250
9	2.5	83.0584	0.2	250
9	2.55	86.3431	0.2	250
9	2.6	89.3896	0.2	250
9	2.65	92.792	0.2	250
9	2.7	96.1438	0.2	250
9	2.75	99.3946	0.2	250
9	2.8	102.989	0.2	250
9	2.85	106.288	0.2	250
9	2.9	109.738	0.2	250
9	2.95	113.508	0.2	250
9	3	117.382	0.2	250
9	3.05	120.888	0.2	250
9	3.1	124.634	0.2	250
9	3.15	128.558	0.2	250
9	3.2	132.931	0.2	250
9	3.25	136.861	0.2	250
9	3.3	140.652	0.2	250
9	3.35	144.716	0.2	250
9	3.4	148.9	0.2	250
9	3.45	153.378	0.2	250
9	3.5	157.957	0.2	250
9.1	0.1	6.12909e-06	0.2	250
9.1	0.15	0.000185442	0.2	250
9.1	0.2	0.00324267	0.2	250
9.1	0.25	0.0530574	0.2	250
9.1	0.3	0.372291	0.2	250
9.1	0.35	2.68483	0.2	250
9.1	0.4	3.43286	0.2	250
9.1	0.45	6.27797	0.2	250
9.1	0.5	115.135	0.2	250
9.1	0.55	93.6112	0.2	250
9.1	0.6	70.2902	0.2	250
9.1	0.65	53.5678	0.2	250
9.1	0.7	40.8905	0.2	250
9.1	0.75	32.8153	0.2	250
9.1	0.8	28.1998	0.2	250
9.1	0.85	25.5924	0.2	250
9.1	0.9	24.1616	0.2	250
9.1	0.95	23.6098	0.2	250
9.1	1	22.8382	0.2	250
9.1	1.05	19.3325	0.2	250
9.1	1.1	24.5188	0.2	250
9.1	1.15	25.3299	0.2	250
9.1	1.2	26.265	0.2	250
9.1	1.25	27.4279	0.2	250
9.1	1.3	28.6874	0.2	250
9.1	1.35	30.0398	0.2	250
9.1	1.4	31.4895	0.2	250
9.1	1.45	33.077	0.2	250
9.1	1.5	34.62	0.2	250
9.1	1.55	36.4561	0.2	250
9.1	1.6	38.2429	0.2	250
9.1	1.65	40.1732	0.2	250
9.1	1.7	42.0931	0.2	250
9.1	1.75	44.1833	0.2	250
9.1	1.8	46.2578	0.2	250
9.1	1.85	48.4961	0.2	250
9.1	1.9	50.7046	0.2	250
9.1	1.95	53.0171	0.2	250
9.1	2	55.4583	0.2	250
9.1	2.05	57.9527	0.2	250
9.1	2.1	60.4554	0.2	250
9.1	2.15	63.0959	0.2	250
9.1	2.2	65.5792	0.2	250
9.1	2.25	68.4142	0.2	250
9.1	2.3	71.2332	0.2	250
9.1	2.35	74.1695	0.2	250
9.1	2.4	77.1093	0.2	250
9.1	2.45	79.792	0.2	250
9.1	2.5	82.8105	0.2	250
9.1	2.55	86.2694	0.2	250
9.1	2.6	89.362	0.2	250
9.1	2.65	92.6311	0.2	250
9.1	2.7	95.783	0.2	250
9.1	2.75	99.4208	0.2	250
9.1	2.8	102.61	0.2	250
9.1	2.85	106.42	0.2	250
9.1	2.9	109.783	0.2	250
9.1	2.95	113.627	0.2	250
9.1	3	117.351	0.2	250
9.1	3.05	121.133	0.2	250
9.1	3.1	124.513	0.2	250
9.1	3.15	128.887	0.2	250
9.1	3.2	132.629	0.2	250
9.1	3.25	136.593	0.2	250
9.1	3.3	140.432	0.2	250
9.1	3.35	144.421	0.2	250
9.1	3.4	148.904	0.2	250
9.1	3.45	153.52	0.2	250
9.1	3.5	157.454	0.2	250
9.2	0.1	6.39305e-06	0.2	250
9.2	0.15	0.000193598	0.2	250
9.2	0.2	0.00341188	0.2	250
9.2	0.25	0.0565204	0.2	250
9.2	0.3	0.390594	0.2	250
9.2	0.35	2.70913	0.2	250
9.2	0.4	3.37976	0.2	250
9.2	0.45	6.70914	0.2	250
9.2	0.5	110.251	0.2	250
9.2	0.55	88.4136	0.2	250
9.2	0.6	67.2051	0.2	250
9.2	0.65	50.6778	0.2	250
9.2	0.7	39.2122	0.2	250
9.2	0.75	31.4563	0.2	250
9.2	0.8	27.2246	0.2	250
9.2	0.85	24.8428	0.2	250
9.2	0.9	23.6257	0.2	250
9.2	0.95	23.1823	0.2	250
9.2	1	22.0092	0.2	250
9.2	1.05	18.8035	0.2	250
9.2	1.1	24.2161	0.2	250
9.2	1.15	25.0639	0.2	250
9.2	1.2	26.016	0.2	250
9.2	1.25	27.212	0.2	250
9.2	1.3	28.4589	0.2	250
9.2	1.35	29.8072	0.2	250
9.2	1.4	31.2534	0.2	250
9.2	1.45	32.8704	0.2	250
9.2	1.5	34.4177	0.2	250
9.2	1.55	36.2559	0.2	250
9.2	1.6	38.0821	0.2	250
9.2	1.65	39.9553	0.2	250
9.2	1.7	41.9648	0.2	250
9.2	1.75	44.0317	0.2	250
9.2	1.8	46.1182	0.2	250
9.2	1.85	48.2833	0.2	250
9.2	1.9	50.6044	0.2	250
9.2	1.95	52.9498	0.2	250
9.2	2	55.3473	0.2	250
9.2	2.05	57.6997	0.2	250
9.2	2.1	60.1846	0.2	250
9.2	2.15	62.9042	0.2	250
9.2	2.2	65.4825	0.2	250
9.2	2.25	68.3517	0.2	250
9.2	2.3	71.1783	0.2	250
9.2	2.35	73.911	0.2	250
9.2	2.4	76.9808	0.2	250
9.2	2.45	79.803	0.2	250
9.2	2.5	82.8096	0.2	250
9.2	2.55	85.978	0.2	250
9.2	2.6	89.3634	0.2	250
9.2	2.65	92.5536	0.2	250
9.2	2.7	95.7304	0.2	250
9.2	2.75	98.9544	0.2	250
9.2	2.8	102.44	0.2	250
9.2	2.85	105.753	0.2	250
9.2	2.9	109.73	0.2	250
9.2	2.95	113.397	0.2	250
9.2	3	116.95	0.2	250
9.2	3.05	120.721	0.2	250
9.2	3.1	124.716	0.2	250
9.2	3.15	128.456	0.2	250
9.2	3.2	132.16	0.2	250
9.2	3.25	136.599	0.2	250
9.2	3.3	140.568	0.2	250
9.2	3.35	144.883	0.2	250
9.2	3.4	148.888	0.2	250
9.2	3.45	153.068	0.2	250
9.2	3.5	157.502	0.2	250
9.3	0.1	6.69109e-06	0.2	250
9.3	0.15	0.000203562	0.2	250
9.3	0.2	0.00363462	0.2	250
9.3	0.25	0.0600247	0.2	250
9.3	0.3	0.411869	0.2	250
9.3	0.35	2.73141	0.2	250
9.3	0.4	3.37914	0.2	250
9.3	0.45	7.0567	0.2	250
9.3	0.5	107.601	0.2	250
9.3	0.55	84.773	0.2	250
9.3	0.6	64.707	0.2	250
9.3	0.65	48.7029	0.2	250
9.3	0.7	37.2529	0.2	250
9.3	0.75	30.4227	0.2	250
9.3	0.8	26.4042	0.2	250
9.3	0.85	24.214	0.2	250
9.3	0.9	23.1375	0.2	250
9.3	0.95	22.763	0.2	250
9.3	1	20.1676	0.2	250
9.3	1.1	23.9483	0.2	250
9.3	1.15	24.795	0.2	250
9.3	1.2	25.8185	0.2	250
9.3	1.25	26.9961	0.2	250
9.3	1.3	28.278	0.2	250
9.3	1.35	29.6069	0.2	250
9.3	1.4	31.1481	0.2	250
9.3	1.45	32.6893	0.2	250
9.3	1.5	34.3623	0.2	250
9.3	1.55	36.1192	0.2	250
9.3	1.6	37.9278	0.2	250
9.3	1.65	39.7604	0.2	250
9.3	1.7	41.7983	0.2	250
9.3	1.75	43.9086	0.2	250
9.3	1.8	46.0371	0.2	250
9.3	1.85	48.134	0.2	250
9.3	1.9	50.4735	0.2	250
9.3	1.95	52.8356	0.2	250
9.3	2	55.0903	0.2	250
9.3	2.05	57.6563	0.2	250
9.3	2.1	60.1943	0.2	250
9.3	2.15	62.8406	0.2	250
9.3	2.2	65.5083	0.2	250
9.3	2.25	68.2532	0.2	250
9.3	2.3	70.919	0.2	250
9.3	2.35	73.7893	0.2	250
9.3	2.4	76.7788	0.2	250
9.3	2.45	79.7612	0.2	250
9.3	2.5	82.8496	0.2	250
9.3	2.55	86.0607	0.2	250
9.3	2.6	89.1808	0.2	250
9.3	2.65	92.5039	0.2	250
9.3	2.7	95.8368	0.2	250
9.3	2.75	99.0048	0.2	250
9.3	2.8	102.357	0.2	250
9.3	2.85	106.161	0.2	250
9.3	2.9	109.471	0.2	250
9.3	2.95	113.297	0.2	250
9.3	3	116.908	0.2	250
9.3	3.05	120.879	0.2	250
9.3	3.1	124.494	0.2	250
9.3	3.15	128.483	0.2	250
9.3	3.2	132.364	0.2	250
9.3	3.25	136.296	0.2	250
9.3	3.3	140.726	0.2	250
9.3	3.35	144.352	0.2	250
9.3	3.4	148.813	0.2	250
9.3	3.45	152.828	0.2	250
9.3	3.5	157.474	0.2	250
9.4	0.1	6.98376e-06	0.2	250
9.4	0.15	0.000213054	0.2	250
9.4	0.2	0.00381569	0.2	250
9.4	0.25	0.0639854	0.2	250
9.4	0.3	0.434026	0.2	250
9.4	0.35	2.75503	0.2	250
9.4	0.4	3.35462	0.2	250
9.4	0.45	7.6389	0.2	250
9.4	0.5	102.272	0.2	250
9.4	0.55	81.2961	0.2	250
9.4	0.6	61.0226	0.2	250
9.4	0.65	46.2138	0.2	250
9.4	0.7	35.8288	0.2	250
9.4	0.75	29.2944	0.2	250
9.4	0.8	25.4672	0.2	250
9.4	0.85	23.5893	0.2	250
9.4	0.9	22.624	0.2	250
9.4	0.95	22.3472	0.2	250
9.4	1	20.6127	0.2	250
9.4	1.05	22.9352	0.2	250
9.4	1.1	23.6627	0.2	250
9.4	1.15	24.5484	0.2	250
9.4	1.2	25.616	0.2	250
9.4	1.25	26.7974	0.2	250
9.4	1.3	28.0849	0.2	250
9.4	1.35	29.4612	0.2	250
9.4	1.4	30.9468	0.2	250
9.4	1.45	32.5143	0.2	250
9.4	1.5	34.2228	0.2	250
9.4	1.55	35.975	0.2	250
9.4	1.6	37.8216	0.2	250
9.4	1.65	39.6541	0.2	250
9.4	1.7	41.6753	0.2	250
9.4	1.75	43.7502	0.2	250
9.4	1.8	45.7534	0.2	250
9.4	1.85	48.0683	0.2	250
9.4	1.9	50.335	0.2	250
9.4	1.95	52.6912	0.2	250
9.4	2	55.1005	0.2	250
9.4	2.05	57.4899	0.2	250
9.4	2.1	60.0042	0.2	250
9.4	2.15	62.7505	0.2	250
9.4	2.2	65.413	0.2	250
9.4	2.25	68.01	0.2	250
9.4	2.3	70.9323	0.2	250
9.4	2.35	73.7368	0.2	250
9.4	2.4	76.6606	0.2	250
9.4	2.45	79.7514	0.2	250
9.4	2.5	82.7757	0.2	250
9.4	2.55	85.9777	0.2	250
9.4	2.6	88.8925	0.2	250
9.4	2.65	92.2457	0.2	250
9.4	2.7	95.7278	0.2	250
9.4	2.75	98.9666	0.2	250
9.4	2.8	102.346	0.2	250
9.4	2.85	105.92	0.2	250
9.4	2.9	109.607	0.2	250
9.4	2.95	113.229	0.2	250
9.4	3	116.823	0.2	250
9.4	3.05	120.468	0.2	250
9.4	3.1	124.675	0.2	250
9.4	3.15	128.204	0.2	250
9.4	3.2	132.008	0.2	250
9.4	3.25	135.947	0.2	250
9.4	3.3	140.171	0.2	250
9.4	3.35	144.543	0.2	250
9.4	3.4	147.94	0.2	250
9.4	3.45	152.359	0.2	250
9.4	3.5	157.182	0.2	250
9.5	0.1	7.29274e-06	0.2	250
9.5	0.15	0.000221931	0.2	250
9.5	0.2	0.00403278	0.2	250
9.5	0.25	0.0678044	0.2	250
9.5	0.3	0.459896	0.2	250
9.5	0.35	2.72745	0.2	250
9.5	0.4	3.30339	0.2	250
9.5	0.45	8.17144	0.2	250
9.5	0.5	100.508	0.2	250
9.5	0.55	78.7012	0.2	250
9.5	0.6	58.708	0.2	250
9.5	0.65	43.8528	0.2	250
9.5	0.7	34.2288	0.2	250
9.5	0.75	28.1795	0.2	250
9.5	0.8	24.7748	0.2	250
9.5	0.85	22.965	0.2	250
9.5	0.9	22.1873	0.2	250
9.5	1	19.5507	0.2	250
9.5	1.05	22.6956	0.2	250
9.5	1.1	23.4365	0.2	250
9.5	1.15	24.3457	0.2	250
9.5	1.2	25.4096	0.2	250
9.5	1.25	26.5472	0.2	250
9.5	1.3	27.9038	0.2	250
9.5	1.35	29.2578	0.2	250
9.5	1.4	30.8215	0.2	250
9.5	1.45	32.341	0.2	250
9.5	1.5	34.0242	0.2	250
9.5	1.55	35.8492	0.2	250
9.5	1.6	37.6925	0.2	250
9.5	1.65	39.601	0.2	250
9.5	1.7	41.5368	0.2	250
9.5	1.75	43.6431	0.2	250
9.5	1.8	45.7697	0.2	250
9.5	1.85	47.9606	0.2	250
9.5	1.9	50.1403	0.2	250
9.5	1.95	52.5943	0.2	250
9.5	2	55.001	0.2	250
9.5	2.05	57.3307	0.2	250
9.5	2.1	59.8398	0.2	250
9.5	2.15	62.5488	0.2	250
9.5	2.2	65.1527	0.2	250
9.5	2.25	68.0373	0.2	250
9.5	2.3	70.8276	0.2	250
9.5	2.35	73.4116	0.2	250
9.5	2.4	76.5185	0.2	250
9.5	2.45	79.5585	0.2	250
9.5	2.5	82.6555	0.2	250
9.5	2.55	85.7402	0.2	250
9.5	2.6	88.8216	0.2	250
9.5	2.65	92.1547	0.2	250
9.5	2.7	95.4257	0.2	250
9.5	2.75	98.6806	0.2	250
9.5	2.8	102.283	0.2	250
9.5	2.85	105.775	0.2	250
9.5	2.9	109.553	0.2	250
9.5	2.95	113.22	0.2	250
9.5	3	116.554	0.2	250
9.5	3.05	120.188	0.2	250
9.5	3.1	124.268	0.2	250
9.5	3.15	128.27	0.2	250
9.5	3.2	131.856	0.2	250
9.5	3.25	135.921	0.2	250
9.5	3.3	140.279	0.2	250
9.5	3.35	144.608	0.2	250
9.5	3.4	148.825	0.2	250
9.5	3.45	152.95	0.2	250
9.5	3.5	156.972	0.2	250
9.6	0.1	7.60395e-06	0.2	250
9.6	0.15	0.000232852	0.2	250
9.6	0.2	0.00429338	0.2	250
9.6	0.25	0.0715789	0.2	250
9.6	0.3	0.488679	0.2	250
9.6	0.35	2.69877	0.2	250
9.6	0.4	3.30271	0.2	250
9.6	0.45	8.94008	0.2	250
9.6	0.5	95.4647	0.2	250
9.6	0.55	74.5497	0.2	250
9.6	0.6	55.8297	0.2	250
9.6	0.65	42.1674	0.2	250
9.6	0.7	32.8354	0.2	250
9.6	0.75	27.0915	0.2	250
9.6	0.8	23.9972	0.2	250
9.6	0.85	22.4306	0.2	250
9.6	0.9	21.7605	0.2	250
9.6	1	18.0124	0.2	250
9.6	1.05	22.4166	0.2	250
9.6	1.1	23.1844	0.2	250
9.6	1.15	24.1293	0.2	250
9.6	1.2	25.1728	0.2	250
9.6	1.25	26.4116	0.2	250
9.6	1.3	27.7286	0.2	250
9.6	1.35	29.055	0.2	250
9.6	1.4	30.6379	0.2	250
9.6	1.45	32.2573	0.2	250
9.6	1.5	33.905	0.2	250
9.6	1.55	35.7012	0.2	250
9.6	1.6	37.5407	0.2	250
9.6	1.65	39.4504	0.2	250
9.6	1.7	41.4699	0.2	250
9.6	1.75	43.5109	0.2	250
9.6	1.8	45.5849	0.2	250
9.6	1.85	47.8118	0.2	250
9.6	1.9	50.0993	0.2	250
9.6	1.95	52.336	0.2	250
9.6	2	54.8843	0.2	250
9.6	2.05	57.3311	0.2	250
9.6	2.1	59.8412	0.2	250
9.6	2.15	62.4945	0.2	250
9.6	2.2	65.0787	0.2	250
9.6	2.25	67.8214	0.2	250
9.6	2.3	70.7544	0.2	250
9.6	2.35	73.6355	0.2	250
9.6	2.4	76.3809	0.2	250
9.6	2.45	79.582	0.2	250
9.6	2.5	82.5035	0.2	250
9.6	2.55	85.6498	0.2	250
9.6	2.6	88.6868	0.2	250
9.6	2.65	92.1297	0.2	250
9.6	2.7	95.3042	0.2	250
9.6	2.75	98.8517	0.2	250
9.6	2.8	102.433	0.2	250
9.6	2.85	105.639	0.2	250
9.6	2.9	109.404	0.2	250
9.6	2.95	112.998	0.2	250
9.6	3	116.683	0.2	250
9.6	3.05	120.605	0.2	250
9.6	3.1	124.085	0.2	250
9.6	3.15	128.379	0.2	250
9.6	3.2	131.814	0.2	250
9.6	3.25	136.24	0.2	250
9.6	3.3	140.502	0.2	250
9.6	3.35	144.236	0.2	250
9.6	3.4	148.859	0.2	250
9.6	3.45	152.836	0.2	250
9.6	3.5	157.323	0.2	250
9.7	0.1	7.93177e-06	0.2	250
9.7	0.15	0.000243501	0.2	250
9.7	0.2	0.00453036	0.2	250
9.7	0.25	0.0747891	0.2	250
9.7	0.3	0.519207	0.2	250
9.7	0.35	2.67273	0.2	250
9.7	0.4	3.31658	0.2	250
9.7	0.45	9.76988	0.2	250
9.7	0.5	92.2393	0.2	250
9.7	0.55	72.2332	0.2	250
9.7	0.6	53.9102	0.2	250
9.7	0.65	40.1851	0.2	250
9.7	0.7	31.4344	0.2	250
9.7	0.75	26.1813	0.2	250
9.7	0.8	23.3738	0.2	250
9.7	0.85	21.9303	0.2	250
9.7	0.9	21.3332	0.2	250
9.7	0.95	19.2268	0.2	250
9.7	1	18.1461	0.2	250
9.7	1.05	22.1759	0.2	250
9.7	1.1	22.9678	0.2	250
9.7	1.15	23.9187	0.2	250
9.7	1.2	25.0206	0.2	250
9.7	1.25	26.2149	0.2	250
9.7	1.3	27.5417	0.2	250
9.7	1.35	28.9741	0.2	250
9.7	1.4	30.4996	0.2	250
9.7	1.45	32.007	0.2	250
9.7	1.5	33.7459	0.2	250
9.7	1.55	35.465	0.2	250
9.7	1.6	37.3404	0.2	250
9.7	1.65	39.3442	0.2	250
9.7	1.7	41.3179	0.2	250
9.7	1.75	43.3949	0.2	250
9.7	1.8	45.4289	0.2	250
9.7	1.85	47.7306	0.2	250
9.7	1.9	49.9998	0.2	250
9.7	1.95	52.3186	0.2	250
9.7	2	54.7766	0.2	250
9.7	2.05	57.1067	0.2	250
9.7	2.1	59.8198	0.2	250
9.7	2.15	62.26	0.2	250
9.7	2.2	64.9098	0.2	250
9.7	2.25	67.7332	0.2	250
9.7	2.3	70.6461	0.2	250
9.7	2.35	73.3939	0.2	250
9.7	2.4	76.3268	0.2	250
9.7	2.45	79.4946	0.2	250
9.7	2.5	82.5287	0.2	250
9.7	2.55	85.5366	0.2	250
9.7	2.6	88.6769	0.2	250
9.7	2.65	92.1129	0.2	250
9.7	2.7	95.0598	0.2	250
9.7	2.75	98.7818	0.2	250
9.7	2.8	102.256	0.2	250
9.7	2.85	105.746	0.2	250
9.7	2.9	109.4	0.2	250
9.7	2.95	112.936	0.2	250
9.7	3	116.733	0.2	250
9.7	3.05	120.435	0.2	250
9.7	3.1	123.643	0.2	250
9.7	3.15	127.915	0.2	250
9.7	3.2	132.139	0.2	250
9.7	3.25	136.127	0.2	250
9.7	3.3	140.336	0.2	250
9.7	3.35	144.347	0.2	250
9.7	3.4	148.196	0.2	250
9.7	3.45	152.422	0.2	250
9.7	3.5	156.509	0.2	250
9.8	0.1	8.24697e-06	0.2	250
9.8	0.15	0.00025386	0.2	250
9.8	0.2	0.00475598	0.2	250
9.8	0.25	0.0785725	0.2	250
9.8	0.3	0.552666	0.2	250
9.8	0.35	2.6255	0.2	250
9.8	0.4	3.39143	0.2	250
9.8	0.45	10.8803	0.2	250
9.8	0.5	90.4058	0.2	250
9.8	0.55	69.5847	0.2	250
9.8	0.6	51.0434	0.2	250
9.8	0.65	38.1137	0.2	250
9.8	0.7	30.0109	0.2	250
9.8	0.75	25.2814	0.2	250
9.8	0.8	22.7133	0.2	250
9.8	0.85	21.4327	0.2	250
9.8	0.9	20.9363	0.2	250
9.8	0.95	17.8141	0.2	250
9.8	1.05	21.9329	0.2	250
9.8	1.1	22.7194	0.2	250
9.8	1.15	23.7118	0.2	250
9.8	1.2	24.8098	0.2	250
9.8	1.25	26.0569	0.2	250
9.8	1.3	27.3838	0.2	250
9.8	1.35	28.8314	0.2	250
9.8	1.4	30.3283	0.2	250
9.8	1.45	31.9759	0.2	250
9.8	1.5	33.6761	0.2	250
9.8	1.55	35.407	0.2	250
9.8	1.6	37.3053	0.2	250
9.8	1.65	39.2173	0.2	250
9.8	1.7	41.1392	0.2	250
9.8	1.75	43.2398	0.2	250
9.8	1.8	45.4306	0.2	250
9.8	1.85	47.6279	0.2	250
9.8	1.9	49.8472	0.2	250
9.8	1.95	52.2569	0.2	250
9.8	2	54.6389	0.2	250
9.8	2.05	57.0714	0.2	250
9.8	2.1	59.6193	0.2	250
9.8	2.15	62.2844	0.2	250
9.8	2.2	64.9597	0.2	250
9.8	2.25	67.692	0.2	250
9.8	2.3	70.446	0.2	250
9.8	2.35	73.433	0.2	250
9.8	2.4	76.4046	0.2	250
9.8	2.45	79.3427	0.2	250
9.8	2.5	82.4146	0.2	250
9.8	2.55	85.5075	0.2	250
9.8	2.6	88.5002	0.2	250
9.8	2.65	91.9855	0.2	250
9.8	2.7	95.2609	0.2	250
9.8	2.75	98.7117	0.2	250
9.8	2.8	102.178	0.2	250
9.8	2.85	105.629	0.2	250
9.8	2.9	109.236	0.2	250
9.8	2.95	112.948	0.2	250
9.8	3	116.463	0.2	250
9.8	3.05	120.009	0.2	250
9.8	3.1	124.355	0.2	250
9.8	3.15	127.771	0.2	250
9.8	3.2	132.045	0.2	250
9.8	3.25	136.115	0.2	250
9.8	3.3	140.355	0.2	250
9.8	3.35	144.079	0.2	250
9.8	3.4	148.207	0.2	250
9.8	3.45	152.821	0.2	250
9.8	3.5	156.314	0.2	250
9.9	0.1	8.5948e-06	0.2	250
9.9	0.15	0.000266034	0.2	250
9.9	0.2	0.00503698	0.2	250
9.9	0.25	0.0820531	0.2	250
9.9	0.3	0.589893	0.2	250
9.9	0.35	2.57382	0.2	250
9.9	0.4	3.42886	0.2	250
9.9	0.45	12.33	0.2	250
9.9	0.5	86.5478	0.2	250
9.9	0.55	66.4747	0.2	250
9.9	0.6	49.3725	0.2	250
9.9	0.65	36.8536	0.2	250
9.9	0.7	28.9087	0.2	250
9.9	0.75	24.5159	0.2	250
9.9	0.8	22.1183	0.2	250
9.9	0.85	21.0009	0.2	250
9.9	0.9	20.5673	0.2	250
9.9	0.95	16.7573	0.2	250
9.9	1	21.1126	0.2	250
9.9	1.05	21.6815	0.2	250
9.9	1.1	22.5385	0.2	250
9.9	1.15	23.5215	0.2	250
9.9	1.2	24.66	0.2	250
9.9	1.25	25.8859	0.2	250
9.9	1.3	27.211	0.2	250
9.9	1.35	28.6714	0.2	250
9.9	1.4	30.1798	0.2	250
9.9	1.45	31.8438	0.2	250
9.9	1.5	33.5165	0.2	250
9.9	1.55	35.2949	0.2	250
9.9	1.6	37.1768	0.2	250
9.9	1.65	39.0868	0.2	250
9.9	1.7	41.1014	0.2	250
9.9	1.75	43.1679	0.2	250
9.9	1.8	45.3257	0.2	250
9.9	1.85	47.4364	0.2	250
9.9	1.9	49.7337	0.2	250
9.9	1.95	52.1353	0.2	250
9.9	2	54.5706	0.2	250
9.9	2.05	57.0586	0.2	250
9.9	2.1	59.4791	0.2	250
9.9	2.15	62.1867	0.2	250
9.9	2.2	64.8581	0.2	250
9.9	2.25	67.5834	0.2	250
9.9	2.3	70.3202	0.2	250
9.9	2.35	73.1461	0.2	250
9.9	2.4	76.2719	0.2	250
9.9	2.45	79.1491	0.2	250
9.9	2.5	82.2762	0.2	250
9.9	2.55	85.1995	0.2	250
9.9	2.6	88.4844	0.2	250
9.9	2.65	91.6733	0.2	250
9.9	2.7	95.1081	0.2	250
9.9	2.75	98.5222	0.2	250
9.9	2.8	101.894	0.2	250
9.9	2.85	105.544	0.2	250
9.9	2.9	109.198	0.2	250
9.9	2.95	112.692	0.2	250
9.9	3	116.469	0.2	250
9.9	3.05	120.28	0.2	250
9.9	3.1	124.056	0.2	250
9.9	3.15	127.843	0.2	250
9.9	3.2	131.935	0.2	250
9.9	3.25	136.13	0.2	250
9.9	3.3	140.06	0.2	250
9.9	3.35	143.777	0.2	250
9.9	3.4	148.14	0.2	250
9.9	3.45	152.24	0.2	250
9.9	3.5	157.22	0.2	250
10	0.1	8.97224e-06	0.2	250
10	0.15	0.000277725	0.2	250
10	0.2	0.00529207	0.2	250
10	0.25	0.0863465	0.2	250
10	0.3	0.631581	0.2	250
10	0.35	2.51937	0.2	250
10	0.4	3.43296	0.2	250
10	0.45	14.2351	0.2	250
10	0.5	82.5339	0.2	250
10	0.55	63.1262	0.2	250
10	0.6	46.754	0.2	250
10	0.65	35.0835	0.2	250
10	0.7	27.8258	0.2	250
10	0.75	23.8436	0.2	250
10	0.8	21.6169	0.2	250
10	0.85	20.5962	0.2	250
10	0.9	20.2058	0.2	250
10	0.95	17.2612	0.2	250
10	1	20.7698	0.2	250
10	1.05	21.4505	0.2	250
10	1.1	22.3291	0.2	250
10	1.15	23.309	0.2	250
10	1.2	24.4833	0.2	250
10	1.25	25.7073	0.2	250
10	1.3	27.0596	0.2	250
10	1.35	28.5555	0.2	250
10	1.4	29.9824	0.2	250
10	1.45	31.6419	0.2	250
10	1.5	33.3717	0.2	250
10	1.55	35.1643	0.2	250
10	1.6	37.0419	0.2	250
10	1.65	38.9469	0.2	250
10	1.7	41.006	0.2	250
10	1.75	43.0548	0.2	250
10	1.8	45.2068	0.2	250
10	1.85	47.4317	0.2	250
10	1.9	49.6212	0.2	250
10	1.95	52.0026	0.2	250
10	2	54.4753	0.2	250
10	2.05	56.9342	0.2	250
10	2.1	59.4604	0.2	250
10	2.15	62.1267	0.2	250
10	2.2	64.7775	0.2	250
10	2.25	67.5482	0.2	250
10	2.3	70.3828	0.2	250
10	2.35	73.1771	0.2	250
10	2.4	76.072	0.2	250
10	2.45	79.1444	0.2	250
10	2.5	82.2945	0.2	250
10	2.55	85.4386	0.2	250
10	2.6	88.6254	0.2	250
10	2.65	91.8961	0.2	250
10	2.7	95.0633	0.2	250
10	2.75	98.6031	0.2	250
10	2.8	102.014	0.2	250
10	2.85	105.536	0.2	250
10	2.9	108.869	0.2	250
10	2.95	112.8	0.2	250
10	3	116.097	0.2	250
10	3.05	119.822	0.2	250
10	3.1	123.666	0.2	250
10	3.15	127.446	0.2	250
10	3.2	131.669	0.2	250
10	3.25	136.061	0.2	250
10	3.3	139.808	0.2	250
10	3.35	144.202	0.2	250
10	3.4	148.425	0.2	250
10	3.45	152.795	0.2	250
10	3.5	156.866	0.2	250
10.1	0.1	9.33828e-06	0.2	250
10.1	0.15	0.000288981	0.2	250
10.1	0.2	0.00557619	0.2	250
10.1	0.25	0.0897969	0.2	250
10.1	0.3	0.672455	0.2	250
10.1	0.35	2.47008	0.2	250
10.1	0.4	3.5474	0.2	250
10.1	0.45	17.1286	0.2	250
10.1	0.5	80.4242	0.2	250
10.1	0.55	61.0383	0.2	250
10.1	0.6	45.119	0.2	250
10.1	0.65	33.6389	0.2	250
10.1	0.7	26.9536	0.2	250
10.1	0.75	23.0942	0.2	250
10.1	0.8	21.0906	0.2	250
10.1	0.85	20.168	0.2	250
10.1	0.9	19.9135	0.2	250
10.1	0.95	15.8896	0.2	250
10.1	1	20.5648	0.2	250
10.1	1.05	21.2447	0.2	250
10.1	1.1	22.1459	0.2	250
10.1	1.15	23.1742	0.2	250
10.1	1.2	24.3238	0.2	250
10.1	1.25	25.5458	0.2	250
10.1	1.3	26.9482	0.2	250
10.1	1.35	28.4061	0.2	250
10.1	1.4	29.9183	0.2	250
10.1	1.45	31.5986	0.2	250
10.1	1.5	33.2426	0.2	250
10.1	1.55	35.043	0.2	250
10.1	1.6	36.9571	0.2	250
10.1	1.65	38.8509	0.2	250
10.1	1.7	40.8547	0.2	250
10.1	1.75	42.9185	0.2	250
10.1	1.8	45.0474	0.2	250
10.1	1.85	47.2851	0.2	250
10.1	1.9	49.5216	0.2	250
10.1	1.95	51.9582	0.2	250
10.1	2	54.3976	0.2	250
10.1	2.05	56.8228	0.2	250
10.1	2.1	59.4333	0.2	250
10.1	2.15	61.8935	0.2	250
10.1	2.2	64.7333	0.2	250
10.1	2.25	67.234	0.2	250
10.1	2.3	70.2827	0.2	250
10.1	2.35	73.0612	0.2	250
10.1	2.4	75.9256	0.2	250
10.1	2.45	79.0885	0.2	250
10.1	2.5	82.1112	0.2	250
10.1	2.55	85.2983	0.2	250
10.1	2.6	88.5128	0.2	250
10.1	2.65	91.7519	0.2	250
10.1	2.7	94.9874	0.2	250
10.1	2.75	98.3711	0.2	250
10.1	2.8	101.659	0.2	250
10.1	2.85	105.23	0.2	250
10.1	2.9	109.085	0.2	250
10.1	2.95	112.611	0.2	250
10.1	3	115.939	0.2	250
10.1	3.05	119.866	0.2	250
10.1	3.1	123.773	0.2	250
10.1	3.15	127.399	0.2	250
10.1	3.2	131.97	0.2	250
10.1	3.25	135.572	0.2	250
10.1	3.3	140.099	0.2	250
10.1	3.35	144.083	0.2	250
10.1	3.4	148.283	0.2	250
10.1	3.45	152.548	0.2	250
10.1	3.5	156.926	0.2	250
10.2	0.1	9.70402e-06	0.2	250
10.2	0.15	0.000302637	0.2	250
10.2	0.2	0.0058773	0.2	250
10.2	0.25	0.092382	0.2	250
10.2	0.3	0.721001	0.2	250
10.2	0.35	2.41033	0.2	250
10.2	0.4	3.59666	0.2	250
10.2	0.45	22.6085	0.2	250
10.2	0.5	78.1263	0.2	250
10.2	0.55	58.9148	0.2	250
10.2	0.6	42.844	0.2	250
10.2	0.65	32.5782	0.2	250
10.2	0.7	25.8519	0.2	250
10.2	0.75	22.3588	0.2	250
10.2	0.8	20.5678	0.2	250
10.2	0.85	19.7737	0.2	250
10.2	0.9	19.6087	0.2	250
10.2	0.95	16.5776	0.2	250
10.2	1	20.33	0.2	250
10.2	1.05	21.0648	0.2	250
10.2	1.1	21.947	0.2	250
10.2	1.15	22.9601	0.2	250
10.2	1.2	24.1718	0.2	250
10.2	1.25	25.4353	0.2	250
10.2	1.3	26.7491	0.2	250
10.2	1.35	28.2832	0.2	250
10.2	1.4	29.8432	0.2	250
10.2	1.45	31.4644	0.2	250
10.2	1.5	33.1778	0.2	250
10.2	1.55	34.9578	0.2	250
10.2	1.6	36.8456	0.2	250
10.2	1.65	38.7366	0.2	250
10.2	1.7	40.7363	0.2	250
10.2	1.75	42.7972	0.2	250
10.2	1.8	44.9936	0.2	250
10.2	1.85	47.2455	0.2	250
10.2	1.9	49.486	0.2	250
10.2	1.95	51.8236	0.2	250
10.2	2	54.2722	0.2	250
10.2	2.05	56.7539	0.2	250
10.2	2.1	59.3157	0.2	250
10.2	2.15	61.7423	0.2	250
10.2	2.2	64.6566	0.2	250
10.2	2.25	67.3884	0.2	250
10.2	2.3	70.2189	0.2	250
10.2	2.35	73.052	0.2	250
10.2	2.4	75.8803	0.2	250
10.2	2.45	79.0279	0.2	250
10.2	2.5	81.9046	0.2	250
10.2	2.55	85.222	0.2	250
10.2	2.6	88.1641	0.2	250
10.2	2.65	91.6992	0.2	250
10.2	2.7	94.9976	0.2	250
10.2	2.75	98.4616	0.2	250
10.2	2.8	101.418	0.2	250
10.2	2.85	105.364	0.2	250
10.2	2.9	108.61	0.2	250
10.2	2.95	112.614	0.2	250
10.2	3	116.177	0.2	250
10.2	3.05	120.132	0.2	250
10.2	3.1	123.665	0.2	250
10.2	3.15	127.561	0.2	250
10.2	3.2	131.116	0.2	250
10.2	3.25	135.261	0.2	250
10.2	3.3	139.383	0.2	250
10.2	3.35	143.871	0.2	250
10.2	3.4	148.078	0.2	250
10.2	3.45	152.044	0.2	250
10.2	3.5	156.378	0.2	250
10.3	0.1	1.00941e-05	0.2	250
10.3	0.15	0.000314521	0.2	250
10.3	0.2	0.00616865	0.2	250
10.3	0.25	0.0958678	0.2	250
10.3	0.3	0.766047	0.2	250
10.3	0.35	2.36528	0.2	250
10.3	0.4	3.69338	0.2	250
10.3	0.45	72.2546	0.2	250
10.3	0.5	74.8012	0.2	250
10.3	0.55	56.1501	0.2	250
10.3	0.6	41.5585	0.2	250
10.3	0.65	31.0213	0.2	250
10.3	0.7	25.1044	0.2	250
10.3	0.75	21.7444	0.2	250
10.3	0.8	20.104	0.2	250
10.3	0.85	19.4171	0.2	250
10.3	0.95	16.1541	0.2	250
10.3	1	20.1065	0.2	250
10.3	1.05	20.8723	0.2	250
10.3	1.1	21.7702	0.2	250
10.3	1.15	22.828	0.2	250
10.3	1.2	24.0196	0.2	250
10.3	1.25	25.2286	0.2	250
10.3	1.3	26.6753	0.2	250
10.3	1.35	28.1372	0.2	250
10.3	1.4	29.7037	0.2	250
10.3	1.45	31.3057	0.2	250
10.3	1.5	33.0727	0.2	250
10.3	1.55	34.8608	0.2	250
10.3	1.6	36.7312	0.2	250
10.3	1.65	38.6704	0.2	250
10.3	1.7	40.6601	0.2	250
10.3	1.75	42.685	0.2	250
10.3	1.8	44.9062	0.2	250
10.3	1.85	47.0544	0.2	250
10.3	1.9	49.4483	0.2	250
10.3	1.95	51.8023	0.2	250
10.3	2	54.085	0.2	250
10.3	2.05	56.6769	0.2	250
10.3	2.1	59.2777	0.2	250
10.3	2.15	61.7691	0.2	250
10.3	2.2	64.5319	0.2	250
10.3	2.25	67.1934	0.2	250
10.3	2.3	69.9855	0.2	250
10.3	2.35	72.9766	0.2	250
10.3	2.4	75.8538	0.2	250
10.3	2.45	78.767	0.2	250
10.3	2.5	82.0281	0.2	250
10.3	2.55	84.9705	0.2	250
10.3	2.6	88.1529	0.2	250
10.3	2.65	91.428	0.2	250
10.3	2.7	94.6397	0.2	250
10.3	2.75	98.1936	0.2	250
10.3	2.8	101.79	0.2	250
10.3	2.85	105.346	0.2	250
10.3	2.9	108.649	0.2	250
10.3	2.95	112.233	0.2	250
10.3	3	116.026	0.2	250
10.3	3.05	120.06	0.2	250
10.3	3.1	123.783	0.2	250
10.3	3.15	127.543	0.2	250
10.3	3.2	131.404	0.2	250
10.3	3.25	135.88	0.2	250
10.3	3.3	139.901	0.2	250
10.3	3.35	143.779	0.2	250
10.3	3.4	148.041	0.2	250
10.3	3.45	152.165	0.2	250
10.3	3.5	156.571	0.2	250
10.4	0.1	1.05065e-05	0.2	250
10.4	0.15	0.000328126	0.2	250
10.4	0.2	0.00648725	0.2	250
10.4	0.25	0.0990647	0.2	250
10.4	0.3	0.820361	0.2	250
10.4	0.35	2.31151	0.2	250
10.4	0.4	3.80743	0.2	250
10.4	0.45	74.2895	0.2	250
10.4	0.5	72.5702	0.2	250
10.4	0.55	54.5313	0.2	250
10.4	0.6	39.6234	0.2	250
10.4	0.65	29.73	0.2	250
10.4	0.7	24.1937	0.2	250
10.4	0.75	21.218	0.2	250
10.4	0.8	19.662	0.2	250
10.4	0.85	19.1003	0.2	250
10.4	1	19.9131	0.2	250
10.4	1.05	20.6778	0.2	250
10.4	1.1	21.62	0.2	250
10.4	1.15	22.6676	0.2	250
10.4	1.2	23.8551	0.2	250
10.4	1.25	25.1664	0.2	250
10.4	1.3	26.5195	0.2	250
10.4	1.35	27.9678	0.2	250
10.4	1.4	29.5977	0.2	250
10.4	1.45	31.1962	0.2	250
10.4	1.5	32.8411	0.2	250
10.4	1.55	34.6774	0.2	250
10.4	1.6	36.5665	0.2	250
10.4	1.65	38.5331	0.2	250
10.4	1.7	40.507	0.2	250
10.4	1.75	42.6627	0.2	250
10.4	1.8	44.7463	0.2	250
10.4	1.85	47.0298	0.2	250
10.4	1.9	49.3427	0.2	250
10.4	1.95	51.6429	0.2	250
10.4	2	54.012	0.2	250
10.4	2.05	56.6115	0.2	250
10.4	2.1	58.9871	0.2	250
10.4	2.15	61.5938	0.2	250
10.4	2.2	64.4864	0.2	250
10.4	2.25	67.1022	0.2	250
10.4	2.3	70.0373	0.2	250
10.4	2.35	72.7389	0.2	250
10.4	2.4	75.6734	0.2	250
10.4	2.45	78.8846	0.2	250
10.4	2.5	81.8138	0.2	250
10.4	2.55	85.1093	0.2	250
10.4	2.6	88.334	0.2	250
10.4	2.65	91.3282	0.2	250
10.4	2.7	94.5264	0.2	250
10.4	2.75	98.2399	0.2	250
10.4	2.8	101.752	0.2	250
10.4	2.85	105.006	0.2	250
10.4	2.9	108.813	0.2	250
10.4	2.95	112.136	0.2	250
10.4	3	116.061	0.2	250
10.4	3.05	119.894	0.2	250
10.4	3.1	123.934	0.2	250
10.4	3.15	127.687	0.2	250
10.4	3.2	131.611	0.2	250
10.4	3.25	135.734	0.2	250
10.4	3.3	139.5	0.2	250
10.4	3.35	143.648	0.2	250
10.4	3.4	148.299	0.2	250
10.4	3.45	152.11	0.2	250
10.4	3.5	156.678	0.2	250
10.5	0.1	1.09015e-05	0.2	250
10.5	0.15	0.0003432	0.2	250
10.5	0.2	0.0068498	0.2	250
10.5	0.25	0.103153	0.2	250
10.5	0.3	0.868657	0.2	250
10.5	0.35	2.26654	0.2	250
10.5	0.4	3.95047	0.2	250
10.5	0.45	75.2279	0.2	250
10.5	0.5	69.3113	0.2	250
10.5	0.55	52.0108	0.2	250
10.5	0.6	38.0847	0.2	250
10.5	0.65	28.5873	0.2	250
10.5	0.7	23.4664	0.2	250
10.5	0.75	20.6127	0.2	250
10.5	0.8	19.2464	0.2	250
10.5	0.85	18.7675	0.2	250
10.5	0.95	19.155	0.2	250
10.5	1	19.7111	0.2	250
10.5	1.05	20.5076	0.2	250
10.5	1.1	21.4555	0.2	250
10.5	1.15	22.5128	0.2	250
10.5	1.2	23.7372	0.2	250
10.5	1.25	25.0313	0.2	250
10.5	1.3	26.4378	0.2	250
10.5	1.35	27.9052	0.2	250
10.5	1.4	29.4087	0.2	250
10.5	1.45	31.1445	0.2	250
10.5	1.5	32.814	0.2	250
10.5	1.55	34.6545	0.2	250
10.5	1.6	36.4438	0.2	250
10.5	1.65	38.4868	0.2	250
10.5	1.7	40.4824	0.2	250
10.5	1.75	42.5905	0.2	250
10.5	1.8	44.7096	0.2	250
10.5	1.85	46.9071	0.2	250
10.5	1.9	49.2491	0.2	250
10.5	1.95	51.6147	0.2	250
10.5	2	54.0287	0.2	250
10.5	2.05	56.4984	0.2	250
10.5	2.1	59.0013	0.2	250
10.5	2.15	61.678	0.2	250
10.5	2.2	64.3488	0.2	250
10.5	2.25	66.9374	0.2	250
10.5	2.3	69.9414	0.2	250
10.5	2.35	72.8331	0.2	250
10.5	2.4	75.8202	0.2	250
10.5	2.45	78.751	0.2	250
10.5	2.5	81.9042	0.2	250
10.5	2.55	84.7979	0.2	250
10.5	2.6	88.0854	0.2	250
10.5	2.65	91.232	0.2	250
10.5	2.7	94.8041	0.2	250
10.5	2.75	97.7883	0.2	250
10.5	2.8	101.363	0.2	250
10.5	2.85	104.789	0.2	250
10.5	2.9	108.387	0.2	250
10.5	2.95	112.162	0.2	250
10.5	3	116.014	0.2	250
10.5	3.05	119.339	0.2	250
10.5	3.1	123.4	0.2	250
10.5	3.15	127.156	0.2	250
10.5	3.2	131.397	0.2	250
10.5	3.25	135.61	0.2	250
10.5	3.3	139.635	0.2	250
10.5	3.35	143.821	0.2	250
10.5	3.4	147.513	0.2	250
10.5	3.45	152.543	0.2	250
10.5	3.5	156.684	0.2	250
10.6	0.1	1.13523e-05	0.2	250
10.6	0.15	0.000356135	0.2	250
10.6	0.2	0.00716185	0.2	250
10.6	0.25	0.105944	0.2	250
10.6	0.3	0.92534	0.2	250
10.6	0.35	2.22719	0.2	250
10.6	0.4	4.09827	0.2	250
10.6	0.45	74.7731	0.2	250
10.6	0.5	66.9837	0.2	250
10.6	0.55	50.139	0.2	250
10.6	0.6	36.2208	0.2	250
10.6	0.65	27.6022	0.2	250
10.6	0.7	22.7873	0.2	250
10.6	0.75	20.1795	0.2	250
10.6	0.8	18.881	0.2	250
10.6	0.85	18.4363	0.2	250
10.6	0.95	18.8534	0.2	250
10.6	1	19.4955	0.2	250
10.6	1.05	20.3357	0.2	250
10.6	1.1	21.2855	0.2	250
10.6	1.15	22.3904	0.2	250
10.6	1.2	23.5947	0.2	250
10.6	1.25	24.8623	0.2	250
10.6	1.3	26.3102	0.2	250
10.6	1.35	27.7846	0.2	250
10.6	1.4	29.3849	0.2	250
10.6	1.45	30.997	0.2	250
10.6	1.5	32.7747	0.2	250
10.6	1.55	34.571	0.2	250
10.6	1.6	36.4233	0.2	250
10.6	1.65	38.381	0.2	250
10.6	1.7	40.3999	0.2	250
10.6	1.75	42.3683	0.2	250
10.6	1.8	44.6742	0.2	250
10.6	1.85	46.8831	0.2	250
10.6	1.9	49.1203	0.2	250
10.6	1.95	51.4394	0.2	250
10.6	2	53.9161	0.2	250
10.6	2.05	56.3859	0.2	250
10.6	2.1	58.9854	0.2	250
10.6	2.15	61.5538	0.2	250
10.6	2.2	64.3025	0.2	250
10.6	2.25	66.8861	0.2	250
10.6	2.3	69.8278	0.2	250
10.6	2.35	72.6509	0.2	250
10.6	2.4	75.6301	0.2	250
10.6	2.45	78.4608	0.2	250
10.6	2.5	81.8322	0.2	250
10.6	2.55	84.834	0.2	250
10.6	2.6	88.0284	0.2	250
10.6	2.65	91.3613	0.2	250
10.6	2.7	94.7147	0.2	250
10.6	2.75	98.0814	0.2	250
10.6	2.8	101.601	0.2	250
10.6	2.85	104.993	0.2	250
10.6	2.9	108.243	0.2	250
10.6	2.95	112.295	0.2	250
10.6	3	115.511	0.2	250
10.6	3.05	119.441	0.2	250
10.6	3.1	123.775	0.2	250
10.6	3.15	127.578	0.2	250
10.6	3.2	131.397	0.2	250
10.6	3.25	135.378	0.2	250
10.6	3.3	139.346	0.2	250
10.6	3.35	143.61	0.2	250
10.6	3.4	147.783	0.2	250
10.6	3.45	151.589	0.2	250
10.6	3.5	156.418	0.2	250
10.7	0.1	1.17667e-05	0.2	250
10.7	0.15	0.00037078	0.2	250
10.7	0.2	0.00755006	0.2	250
10.7	0.25	0.109706	0.2	250
10.7	0.3	0.978882	0.2	250
10.7	0.35	2.19382	0.2	250
10.7	0.4	4.23137	0.2	250
10.7	0.45	74.3239	0.2	250
10.7	0.5	64.9123	0.2	250
10.7	0.55	48.2415	0.2	250
10.7	0.6	35.211	0.2	250
10.7	0.65	26.7425	0.2	250
10.7	0.7	22.029	0.2	250
10.7	0.75	19.6632	0.2	250
10.7	0.8	18.5578	0.2	250
10.7	0.85	18.1403	0.2	250
10.7	0.95	18.6788	0.2	250
10.7	1	19.3372	0.2	250
10.7	1.05	20.1409	0.2	250
10.7	1.1	21.1547	0.2	250
10.7	1.15	22.2351	0.2	250
10.7	1.2	23.4555	0.2	250
10.7	1.25	24.7422	0.2	250
10.7	1.3	26.1536	0.2	250
10.7	1.35	27.6147	0.2	250
10.7	1.4	29.2806	0.2	250
10.7	1.45	30.8832	0.2	250
10.7	1.5	32.6519	0.2	250
10.7	1.55	34.4748	0.2	250
10.7	1.6	36.3515	0.2	250
10.7	1.65	38.2646	0.2	250
10.7	1.7	40.312	0.2	250
10.7	1.75	42.4064	0.2	250
10.7	1.8	44.5861	0.2	250
10.7	1.85	46.681	0.2	250
10.7	1.9	49.1154	0.2	250
10.7	1.95	51.454	0.2	250
10.7	2	53.782	0.2	250
10.7	2.05	56.3285	0.2	250
10.7	2.1	58.8597	0.2	250
10.7	2.15	61.4722	0.2	250
10.7	2.2	64.1788	0.2	250
10.7	2.25	66.9836	0.2	250
10.7	2.3	69.7412	0.2	250
10.7	2.35	72.5152	0.2	250
10.7	2.4	75.6257	0.2	250
10.7	2.45	78.6289	0.2	250
10.7	2.5	81.5738	0.2	250
10.7	2.55	84.8802	0.2	250
10.7	2.6	88.002	0.2	250
10.7	2.65	91.3564	0.2	250
10.7	2.7	94.69	0.2	250
10.7	2.75	97.9966	0.2	250
10.7	2.8	101.5	0.2	250
10.7	2.85	104.871	0.2	250
10.7	2.9	108.085	0.2	250
10.7	2.95	112.337	0.2	250
10.7	3	116.067	0.2	250
10.7	3.05	119.853	0.2	250
10.7	3.1	123.113	0.2	250
10.7	3.15	127.074	0.2	250
10.7	3.2	131.029	0.2	250
10.7	3.25	135.395	0.2	250
10.7	3.3	139.093	0.2	250
10.7	3.35	143.322	0.2	250
10.7	3.4	147.245	0.2	250
10.7	3.45	151.697	0.2	250
10.7	3.5	155.924	0.2	250
10.8	0.1	1.2239e-05	0.2	250
10.8	0.15	0.00038783	0.2	250
10.8	0.2	0.00790203	0.2	250
10.8	0.25	0.113427	0.2	250
10.8	0.3	1.02413	0.2	250
10.8	0.35	2.16237	0.2	250
10.8	0.4	4.43783	0.2	250
10.8	0.45	73.24	0.2	250
10.8	0.5	62.352	0.2	250
10.8	0.55	45.8897	0.2	250
10.8	0.6	33.4221	0.2	250
10.8	0.65	25.6821	0.2	250
10.8	0.7	21.3829	0.2	250
10.8	0.75	19.1865	0.2	250
10.8	0.8	18.17	0.2	250
10.8	0.85	17.861	0.2	250
10.8	0.95	18.4768	0.2	250
10.8	1	19.1581	0.2	250
10.8	1.05	20.0098	0.2	250
10.8	1.1	21.0091	0.2	250
10.8	1.15	22.1237	0.2	250
10.8	1.2	23.3504	0.2	250
10.8	1.25	24.6604	0.2	250
10.8	1.3	26.0587	0.2	250
10.8	1.35	27.5765	0.2	250
10.8	1.4	29.18	0.2	250
10.8	1.45	30.8365	0.2	250
10.8	1.5	32.5533	0.2	250
10.8	1.55	34.3957	0.2	250
10.8	1.6	36.2507	0.2	250
10.8	1.65	38.2136	0.2	250
10.8	1.7	40.1902	0.2	250
10.8	1.75	42.3052	0.2	250
10.8	1.8	44.4378	0.2	250
10.8	1.85	46.7321	0.2	250
10.8	1.9	49.0001	0.2	250
10.8	1.95	51.3653	0.2	250
10.8	2	53.7309	0.2	250
10.8	2.05	56.2092	0.2	250
10.8	2.1	58.7567	0.2	250
10.8	2.15	61.4366	0.2	250
10.8	2.2	64.0795	0.2	250
10.8	2.25	66.8795	0.2	250
10.8	2.3	69.6827	0.2	250
10.8	2.35	72.4945	0.2	250
10.8	2.4	75.5618	0.2	250
10.8	2.45	78.5566	0.2	250
10.8	2.5	81.6721	0.2	250
10.8	2.55	84.837	0.2	250
10.8	2.6	87.9738	0.2	250
10.8	2.65	91.186	0.2	250
10.8	2.7	94.4566	0.2	250
10.8	2.75	97.8673	0.2	250
10.8	2.8	101.244	0.2	250
10.8	2.85	104.96	0.2	250
10.8	2.9	108.671	0.2	250
10.8	2.95	112.222	0.2	250
10.8	3	115.631	0.2	250
10.8	3.05	119.624	0.2	250
10.8	3.1	123.526	0.2	250
10.8	3.15	126.797	0.2	250
10.8	3.2	131.027	0.2	250
10.8	3.25	135.321	0.2	250
10.8	3.3	139.133	0.2	250
10.8	3.35	143.053	0.2	250
10.8	3.4	147.648	0.2	250
10.8	3.45	151.917	0.2	250
10.8	3.5	156.658	0.2	250
10.9	0.1	1.26802e-05	0.2	250
10.9	0.15	0.000402125	0.2	250
10.9	0.2	0.00831175	0.2	250
10.9	0.25	0.116598	0.2	250
10.9	0.3	1.07868	0.2	250
10.9	0.35	2.1541	0.2	250
10.9	0.4	4.69299	0.2	250
10.9	0.45	72.7619	0.2	250
10.9	0.5	61.0143	0.2	250
10.9	0.55	44.5748	0.2	250
10.9	0.6	32.4859	0.2	250
10.9	0.65	24.8917	0.2	250
10.9	0.7	20.8308	0.2	250
10.9	0.75	18.7729	0.2	250
10.9	0.8	17.8788	0.2	250
10.9	0.85	17.6363	0.2	250
10.9	0.9	15.5144	0.2	250
10.9	0.95	18.2994	0.2	250
10.9	1	18.9901	0.2	250
10.9	1.05	19.8568	0.2	250
10.9	1.1	20.8398	0.2	250
10.9	1.15	21.9835	0.2	250
10.9	1.2	23.2067	0.2	250
10.9	1.25	24.4994	0.2	250
10.9	1.3	25.9626	0.2	250
10.9	1.35	27.4671	0.2	250
10.9	1.4	29.0865	0.2	250
10.9	1.45	30.7156	0.2	250
10.9	1.5	32.4784	0.2	250
10.9	1.55	34.2532	0.2	250
10.9	1.6	36.1774	0.2	250
10.9	1.65	38.1467	0.2	250
10.9	1.7	40.1272	0.2	250
10.9	1.75	42.2487	0.2	250
10.9	1.8	44.3943	0.2	250
10.9	1.85	46.5477	0.2	250
10.9	1.9	48.9315	0.2	250
10.9	1.95	51.3223	0.2	250
10.9	2	53.7119	0.2	250
10.9	2.05	56.1926	0.2	250
10.9	2.1	58.7476	0.2	250
10.9	2.15	61.3831	0.2	250
10.9	2.2	64.0766	0.2	250
10.9	2.25	66.7549	0.2	250
10.9	2.3	69.6358	0.2	250
10.9	2.35	72.3865	0.2	250
10.9	2.4	75.5547	0.2	250
10.9	2.45	78.2866	0.2	250
10.9	2.5	81.5814	0.2	250
10.9	2.55	84.6192	0.2	250
10.9	2.6	87.8391	0.2	250
10.9	2.65	90.8609	0.2	250
10.9	2.7	94.586	0.2	250
10.9	2.75	97.9267	0.2	250
10.9	2.8	101.383	0.2	250
10.9	2.85	104.946	0.2	250
10.9	2.9	108.535	0.2	250
10.9	2.95	112.119	0.2	250
10.9	3	115.464	0.2	250
10.9	3.05	119.43	0.2	250
10.9	3.1	123.546	0.2	250
10.9	3.15	127.117	0.2	250
10.9	3.2	131.374	0.2	250
10.9	3.25	135.336	0.2	250
10.9	3.3	139.114	0.2	250
10.9	3.35	142.884	0.2	250
10.9	3.4	147.256	0.2	250
10.9	3.45	151.668	0.2	250
10.9	3.5	155.8	0.2	250
11	0.1	1.31977e-05	0.2	250
11	0.15	0.00041822	0.2	250
11	0.2	0.00869673	0.2	250
11	0.25	0.120193	0.2	250
11	0.3	1.12069	0.2	250
11	0.35	2.13508	0.2	250
11	0.4	4.89997	0.2	250
11	0.45	70.0984	0.2	250
11	0.5	57.9757	0.2	250
11	0.55	42.7061	0.2	250
11	0.6	30.9153	0.2	250
11	0.65	23.9788	0.2	250
11	0.7	20.2631	0.2	250
11	0.75	18.346	0.2	250
11	0.8	17.5289	0.2	250
11	0.85	17.3714	0.2	250
11	0.95	18.1204	0.2	250
11	1	18.8307	0.2	250
11	1.05	19.7126	0.2	250
11	1.1	20.7045	0.2	250
11	1.15	21.8747	0.2	250
11	1.2	23.0917	0.2	250
11	1.25	24.4514	0.2	250
11	1.3	25.8483	0.2	250
11	1.35	27.357	0.2	250
11	1.4	28.9752	0.2	250
11	1.45	30.6232	0.2	250
11	1.5	32.3454	0.2	250
11	1.55	34.2117	0.2	250
11	1.6	36.0714	0.2	250
11	1.65	38.0596	0.2	250
11	1.7	39.9603	0.2	250
11	1.75	42.1645	0.2	250
11	1.8	44.2132	0.2	250
11	1.85	46.5102	0.2	250
11	1.9	48.8908	0.2	250
11	1.95	51.1018	0.2	250
11	2	53.5941	0.2	250
11	2.05	56.0602	0.2	250
11	2.1	58.5911	0.2	250
11	2.15	61.2845	0.2	250
11	2.2	63.9052	0.2	250
11	2.25	66.6819	0.2	250
11	2.3	69.5819	0.2	250
11	2.35	72.391	0.2	250
11	2.4	75.3691	0.2	250
11	2.45	78.4548	0.2	250
11	2.5	81.5373	0.2	250
11	2.55	84.4919	0.2	250
11	2.6	87.8367	0.2	250
11	2.65	91.0064	0.2	250
11	2.7	94.286	0.2	250
11	2.75	97.6754	0.2	250
11	2.8	101.32	0.2	250
11	2.85	104.687	0.2	250
11	2.9	108.445	0.2	250
11	2.95	111.867	0.2	250
11	3	115.374	0.2	250
11	3.05	119.119	0.2	250
11	3.1	122.93	0.2	250
11	3.15	127.127	0.2	250
11	3.2	130.656	0.2	250
11	3.25	135.414	0.2	250
11	3.3	139.183	0.2	250
11	3.35	142.708	0.2	250
11	3.4	147.617	0.2	250
11	3.45	152.227	0.2	250
11	3.5	155.803	0.2	250
11.1	0.1	1.36706e-05	0.2	250
11.1	0.15	0.000435409	0.2	250
11.1	0.2	0.0091035	0.2	250
11.1	0.25	0.124222	0.2	250
11.1	0.3	1.17288	0.2	250
11.1	0.35	2.1015	0.2	250
11.1	0.4	5.20666	0.2	250
11.1	0.45	69.2086	0.2	250
11.1	0.5	55.804	0.2	250
11.1	0.55	40.5877	0.2	250
11.1	0.6	29.9649	0.2	250
11.1	0.65	23.2113	0.2	250
11.1	0.7	19.7342	0.2	250
11.1	0.75	17.9649	0.2	250
11.1	0.8	17.2257	0.2	250
11.1	0.85	17.1285	0.2	250
11.1	0.95	17.9244	0.2	250
11.1	1	18.6791	0.2	250
11.1	1.05	19.5675	0.2	250
11.1	1.1	20.6093	0.2	250
11.1	1.15	21.7275	0.2	250
11.1	1.2	22.9723	0.2	250
11.1	1.25	24.3093	0.2	250
11.1	1.3	25.7658	0.2	250
11.1	1.35	27.2922	0.2	250
11.1	1.4	28.8927	0.2	250
11.1	1.45	30.5675	0.2	250
11.1	1.5	32.2846	0.2	250
11.1	1.55	34.1147	0.2	250
11.1	1.6	35.9499	0.2	250
11.1	1.65	37.885	0.2	250
11.1	1.7	39.9427	0.2	250
11.1	1.75	42.0405	0.2	250
11.1	1.8	44.1778	0.2	250
11.1	1.85	46.4894	0.2	250
11.1	1.9	48.7353	0.2	250
11.1	1.95	51.0032	0.2	250
11.1	2	53.6158	0.2	250
11.1	2.05	56.1218	0.2	250
11.1	2.1	58.6337	0.2	250
11.1	2.15	61.1907	0.2	250
11.1	2.2	63.8226	0.2	250
11.1	2.25	66.6853	0.2	250
11.1	2.3	69.5254	0.2	250
11.1	2.35	72.388	0.2	250
11.1	2.4	75.2403	0.2	250
11.1	2.45	78.2002	0.2	250
11.1	2.5	81.2591	0.2	250
11.1	2.55	84.5432	0.2	250
11.1	2.6	87.5513	0.2	250
11.1	2.65	90.7583	0.2	250
11.1	2.7	94.2881	0.2	250
11.1	2.75	97.7902	0.2	250
11.1	2.8	100.984	0.2	250
11.1	2.85	104.769	0.2	250
11.1	2.9	107.968	0.2	250
11.1	2.95	111.703	0.2	250
11.1	3	115.679	0.2	250
11.1	3.05	119.459	0.2	250
11.1	3.1	123.315	0.2	250
11.1	3.15	127.135	0.2	250
11.1	3.2	131.158	0.2	250
11.1	3.25	135.218	0.2	250
11.1	3.3	139.477	0.2	250
11.1	3.35	143.534	0.2	250
11.1	3.4	147.456	0.2	250
11.1	3.45	151.988	0.2	250
11.1	3.5	155.74	0.2	250
11.2	0.1	1.41749e-05	0.2	250
11.2	0.15	0.000452758	0.2	250
11.2	0.2	0.00954418	0.2	250
11.2	0.25	0.128714	0.2	250
11.2	0.3	1.20249	0.2	250
11.2	0.35	2.08966	0.2	250
11.2	0.4	5.48214	0.2	250
11.2	0.45	67.2749	0.2	250
11.2	0.5	54.8099	0.2	250
11.2	0.55	39.3386	0.2	250
11.2	0.6	28.8188	0.2	250
11.2	0.65	22.4225	0.2	250
11.2	0.7	19.1914	0.2	250
11.2	0.75	17.582	0.2	250
11.2	0.8	16.9867	0.2	250
11.2	0.85	16.9286	0.2	250
11.2	0.9	17.2342	0.2	250
11.2	0.95	17.7612	0.2	250
11.2	1	18.5298	0.2	250
11.2	1.05	19.4424	0.2	250
11.2	1.1	20.4805	0.2	250
11.2	1.15	21.6023	0.2	250
11.2	1.2	22.8711	0.2	250
11.2	1.25	24.212	0.2	250
11.2	1.3	25.6161	0.2	250
11.2	1.35	27.2107	0.2	250
11.2	1.4	28.7679	0.2	250
11.2	1.45	30.488	0.2	250
11.2	1.5	32.2312	0.2	250
11.2	1.55	34.0233	0.2	250
11.2	1.6	35.9187	0.2	250
11.2	1.65	37.8096	0.2	250
11.2	1.7	39.9446	0.2	250
11.2	1.75	41.9556	0.2	250
11.2	1.8	44.2157	0.2	250
11.2	1.85	46.4393	0.2	250
11.2	1.9	48.6873	0.2	250
11.2	1.95	51.0488	0.2	250
11.2	2	53.5345	0.2	250
11.2	2.05	56.0124	0.2	250
11.2	2.1	58.6005	0.2	250
11.2	2.15	61.1094	0.2	250
11.2	2.2	63.9367	0.2	250
11.2	2.25	66.6113	0.2	250
11.2	2.3	69.5266	0.2	250
11.2	2.35	72.41	0.2	250
11.2	2.4	75.2186	0.2	250
11.2	2.45	78.2487	0.2	250
11.2	2.5	81.023	0.2	250
11.2	2.55	84.4188	0.2	250
11.2	2.6	87.6991	0.2	250
11.2	2.65	90.8541	0.2	250
11.2	2.7	94.3906	0.2	250
11.2	2.75	97.6548	0.2	250
11.2	2.8	101.167	0.2	250
11.2	2.85	104.742	0.2	250
11.2	2.9	108.111	0.2	250
11.2	2.95	111.665	0.2	250
11.2	3	115.325	0.2	250
11.2	3.05	119.587	0.2	250
11.2	3.1	123.109	0.2	250
11.2	3.15	126.766	0.2	250
11.2	3.2	130.926	0.2	250
11.2	3.25	135.23	0.2	250
11.2	3.3	138.753	0.2	250
11.2	3.35	142.984	0.2	250
11.2	3.4	147.865	0.2	250
11.2	3.45	151.886	0.2	250
11.2	3.5	156.368	0.2	250
11.3	0.1	1.47096e-05	0.2	250
11.3	0.15	0.000472325	0.2	250
11.3	0.2	0.0100441	0.2	250
11.3	0.25	0.132902	0.2	250
11.3	0.3	1.23672	0.2	250
11.3	0.35	2.08503	0.2	250
11.3	0.4	5.80884	0.2	250
11.3	0.45	66.3719	0.2	250
11.3	0.5	52.5894	0.2	250
11.3	0.55	37.5459	0.2	250
11.3	0.6	27.6059	0.2	250
11.3	0.65	21.7625	0.2	250
11.3	0.7	18.6487	0.2	250
11.3	0.75	17.2587	0.2	250
11.3	0.8	16.6919	0.2	250
11.3	0.9	17.0065	0.2	250
11.3	0.95	17.6043	0.2	250
11.3	1	18.3888	0.2	250
11.3	1.05	19.3012	0.2	250
11.3	1.1	20.3576	0.2	250
11.3	1.15	21.4873	0.2	250
11.3	1.2	22.7939	0.2	250
11.3	1.25	24.145	0.2	250
11.3	1.3	25.5773	0.2	250
11.3	1.35	27.1013	0.2	250
11.3	1.4	28.6525	0.2	250
11.3	1.45	30.347	0.2	250
11.3	1.5	32.1352	0.2	250
11.3	1.55	33.9646	0.2	250
11.3	1.6	35.8363	0.2	250
11.3	1.65	37.8412	0.2	250
11.3	1.7	39.8512	0.2	250
11.3	1.75	41.8622	0.2	250
11.3	1.8	44.0781	0.2	250
11.3	1.85	46.3758	0.2	250
11.3	1.9	48.6167	0.2	250
11.3	1.95	50.8948	0.2	250
11.3	2	53.426	0.2	250
11.3	2.05	55.9802	0.2	250
11.3	2.1	58.4179	0.2	250
11.3	2.15	61.066	0.2	250
11.3	2.2	63.8213	0.2	250
11.3	2.25	66.6176	0.2	250
11.3	2.3	69.3303	0.2	250
11.3	2.35	72.1294	0.2	250
11.3	2.4	75.186	0.2	250
11.3	2.45	78.0629	0.2	250
11.3	2.5	81.1104	0.2	250
11.3	2.55	84.5714	0.2	250
11.3	2.6	87.4013	0.2	250
11.3	2.65	91.0286	0.2	250
11.3	2.7	94.3163	0.2	250
11.3	2.75	97.7818	0.2	250
11.3	2.8	101.196	0.2	250
11.3	2.85	104.277	0.2	250
11.3	2.9	108.074	0.2	250
11.3	2.95	111.44	0.2	250
11.3	3	115.343	0.2	250
11.3	3.05	119.086	0.2	250
11.3	3.1	122.763	0.2	250
11.3	3.15	126.479	0.2	250
11.3	3.2	131.049	0.2	250
11.3	3.25	135.048	0.2	250
11.3	3.3	138.496	0.2	250
11.3	3.35	143.082	0.2	250
11.3	3.4	147.239	0.2	250
11.3	3.45	151.915	0.2	250
11.3	3.5	155.878	0.2	250
11.4	0.1	1.52502e-05	0.2	250
11.4	0.15	0.000492278	0.2	250
11.4	0.2	0.0105267	0.2	250
11.4	0.25	0.137532	0.2	250
11.4	0.3	1.27572	0.2	250
11.4	0.35	2.08702	0.2	250
11.4	0.4	6.21033	0.2	250
11.4	0.45	63.8805	0.2	250
11.4	0.5	50.4334	0.2	250
11.4	0.55	36.5813	0.2	250
11.4	0.6	26.7613	0.2	250
11.4	0.65	21.0925	0.2	250
11.4	0.7	18.2073	0.2	250
11.4	0.75	16.9397	0.2	250
11.4	0.8	16.4398	0.2	250
11.4	0.9	16.8507	0.2	250
11.4	0.95	17.4607	0.2	250
11.4	1	18.2486	0.2	250
11.4	1.05	19.1786	0.2	250
11.4	1.1	20.2164	0.2	250
11.4	1.15	21.3787	0.2	250
11.4	1.2	22.6578	0.2	250
11.4	1.25	24.0084	0.2	250
11.4	1.3	25.4975	0.2	250
11.4	1.35	27.0134	0.2	250
11.4	1.4	28.5676	0.2	250
11.4	1.45	30.2934	0.2	250
11.4	1.5	32.0295	0.2	250
11.4	1.55	33.8704	0.2	250
11.4	1.6	35.7733	0.2	250
11.4	1.65	37.7592	0.2	250
11.4	1.7	39.7733	0.2	250
11.4	1.75	41.8647	0.2	250
11.4	1.8	44.0524	0.2	250
11.4	1.85	46.2869	0.2	250
11.4	1.9	48.6082	0.2	250
11.4	1.95	50.8845	0.2	250
11.4	2	53.3171	0.2	250
11.4	2.05	55.7747	0.2	250
11.4	2.1	58.4139	0.2	250
11.4	2.15	61.1004	0.2	250
11.4	2.2	63.7724	0.2	250
11.4	2.25	66.4133	0.2	250
11.4	2.3	69.3686	0.2	250
11.4	2.35	72.0349	0.2	250
11.4	2.4	74.9199	0.2	250
11.4	2.45	78.032	0.2	250
11.4	2.5	81.2187	0.2	250
11.4	2.55	84.4265	0.2	250
11.4	2.6	87.6717	0.2	250
11.4	2.65	90.9792	0.2	250
11.4	2.7	94.2952	0.2	250
11.4	2.75	97.7291	0.2	250
11.4	2.8	100.862	0.2	250
11.4	2.85	104.388	0.2	250
11.4	2.9	107.873	0.2	250
11.4	2.95	111.592	0.2	250
11.4	3	115.136	0.2	250
11.4	3.05	119.463	0.2	250
11.4	3.1	122.958	0.2	250
11.4	3.15	126.651	0.2	250
11.4	3.2	130.963	0.2	250
11.4	3.25	135.006	0.2	250
11.4	3.3	139.192	0.2	250
11.4	3.35	142.668	0.2	250
11.4	3.4	147.614	0.2	250
11.4	3.45	151.432	0.2	250
11.4	3.5	156.318	0.2	250
11.5	0.1	1.5791e-05	0.2	250
11.5	0.15	0.000511531	0.2	250
11.5	0.2	0.0109924	0.2	250
11.5	0.25	0.143065	0.2	250
11.5	0.3	1.2981	0.2	250
11.5	0.35	2.09108	0.2	250
11.5	0.4	6.67989	0.2	250
11.5	0.45	63.2182	0.2	250
11.5	0.5	49.1849	0.2	250
11.5	0.55	34.9949	0.2	250
11.5	0.6	25.6791	0.2	250
11.5	0.65	20.5248	0.2	250
11.5	0.7	17.7875	0.2	250
11.5	0.75	16.6088	0.2	250
11.5	0.8	16.2059	0.2	250
11.5	0.9	16.6605	0.2	250
11.5	0.95	17.3005	0.2	250
11.5	1	18.0956	0.2	250
11.5	1.05	19.0513	0.2	250
11.5	1.1	20.1351	0.2	250
11.5	1.15	21.3078	0.2	250
11.5	1.2	22.5399	0.2	250
11.5	1.25	23.9357	0.2	250
11.5	1.3	25.3969	0.2	250
11.5	1.35	26.9395	0.2	250
11.5	1.4	28.5265	0.2	250
11.5	1.45	30.1279	0.2	250
11.5	1.5	31.9475	0.2	250
11.5	1.55	33.741	0.2	250
11.5	1.6	35.6561	0.2	250
11.5	1.65	37.6839	0.2	250
11.5	1.7	39.6739	0.2	250
11.5	1.75	41.7871	0.2	250
11.5	1.8	43.9104	0.2	250
11.5	1.85	46.2301	0.2	250
11.5	1.9	48.5305	0.2	250
11.5	1.95	50.9123	0.2	250
11.5	2	53.3233	0.2	250
11.5	2.05	55.728	0.2	250
11.5	2.1	58.3031	0.2	250
11.5	2.15	60.9551	0.2	250
11.5	2.2	63.699	0.2	250
11.5	2.25	66.5406	0.2	250
11.5	2.3	69.2762	0.2	250
11.5	2.35	72.0359	0.2	250
11.5	2.4	75.0181	0.2	250
11.5	2.45	77.9433	0.2	250
11.5	2.5	81.3003	0.2	250
11.5	2.55	84.424	0.2	250
11.5	2.6	87.3989	0.2	250
11.5	2.65	90.891	0.2	250
11.5	2.7	94.2756	0.2	250
11.5	2.75	97.0835	0.2	250
11.5	2.8	100.561	0.2	250
11.5	2.85	104.529	0.2	250
11.5	2.9	107.79	0.2	250
11.5	2.95	111.699	0.2	250
11.5	3	115.189	0.2	250
11.5	3.05	119.184	0.2	250
11.5	3.1	122.422	0.2	250
11.5	3.15	126.626	0.2	250
11.5	3.2	130.318	0.2	250
11.5	3.25	134.81	0.2	250
11.5	3.3	138.823	0.2	250
11.5	3.35	142.596	0.2	250
11.5	3.4	146.948	0.2	250
11.5	3.45	151.951	0.2	250
11.5	3.5	156.061	0.2	250
11.6	0.1	1.63232e-05	0.2	250
11.6	0.15	0.000528996	0.2	250
11.6	0.2	0.0115508	0.2	250
11.6	0.25	0.147907	0.2	250
11.6	0.3	1.30713	0.2	250
11.6	0.35	2.09921	0.2	250
11.6	0.4	7.21014	0.2	250
11.6	0.45	61.5401	0.2	250
11.6	0.5	46.7267	0.2	250
11.6	0.55	33.4397	0.2	250
11.6	0.6	24.6726	0.2	250
11.6	0.65	19.89	0.2	250
11.6	0.7	17.3779	0.2	250
11.6	0.75	16.3296	0.2	250
11.6	0.8	15.9534	0.2	250
11.6	0.9	16.5046	0.2	250
11.6	0.95	17.1277	0.2	250
11.6	1	17.9593	0.2	250
11.6	1.05	18.9289	0.2	250
11.6	1.1	20.0162	0.2	250
11.6	1.15	21.2019	0.2	250
11.6	1.2	22.4202	0.2	250
11.6	1.25	23.862	0.2	250
11.6	1.3	25.28	0.2	250
11.6	1.35	26.8649	0.2	250
11.6	1.4	28.4243	0.2	250
11.6	1.45	30.1576	0.2	250
11.6	1.5	31.8687	0.2	250
11.6	1.55	33.7592	0.2	250
11.6	1.6	35.5983	0.2	250
11.6	1.65	37.6108	0.2	250
11.6	1.7	39.5686	0.2	250
11.6	1.75	41.7006	0.2	250
11.6	1.8	43.8679	0.2	250
11.6	1.85	46.0711	0.2	250
11.6	1.9	48.4682	0.2	250
11.6	1.95	50.8507	0.2	250
11.6	2	53.1713	0.2	250
11.6	2.05	55.6754	0.2	250
11.6	2.1	58.3247	0.2	250
11.6	2.15	60.8904	0.2	250
11.6	2.2	63.6362	0.2	250
11.6	2.25	66.4254	0.2	250
11.6	2.3	69.0534	0.2	250
11.6	2.35	72.2084	0.2	250
11.6	2.4	74.9388	0.2	250
11.6	2.45	77.8536	0.2	250
11.6	2.5	81.2408	0.2	250
11.6	2.55	84.3817	0.2	250
11.6	2.6	87.2773	0.2	250
11.6	2.65	90.8389	0.2	250
11.6	2.7	93.7546	0.2	250
11.6	2.75	97.4844	0.2	250
11.6	2.8	100.613	0.2	250
11.6	2.85	104.465	0.2	250
11.6	2.9	107.785	0.2	250
11.6	2.95	111.407	0.2	250
11.6	3	115.412	0.2	250
11.6	3.05	119.246	0.2	250
11.6	3.1	122.917	0.2	250
11.6	3.15	126.987	0.2	250
11.6	3.2	130.899	0.2	250
11.6	3.25	134.56	0.2	250
11.6	3.3	138.349	0.2	250
11.6	3.35	143.046	0.2	250
11.6	3.4	147.217	0.2	250
11.6	3.45	150.926	0.2	250
11.6	3.5	155.96	0.2	250
11.7	0.1	1.69458e-05	0.2	250
11.7	0.15	0.000551758	0.2	250
11.7	0.2	0.012064	0.2	250
11.7	0.25	0.15387	0.2	250
11.7	0.3	1.32467	0.2	250
11.7	0.35	2.14224	0.2	250
11.7	0.4	7.85231	0.2	250
11.7	0.45	59.6848	0.2	250
11.7	0.5	45.134	0.2	250
11.7	0.55	32.5804	0.2	250
11.7	0.6	23.9826	0.2	250
11.7	0.65	19.3488	0.2	250
11.7	0.7	17.0655	0.2	250
11.7	0.75	16.0226	0.2	250
11.7	0.8	15.7373	0.2	250
11.7	0.9	16.3556	0.2	250
11.7	0.95	17.0203	0.2	250
11.7	1	17.8658	0.2	250
11.7	1.05	18.8276	0.2	250
11.7	1.1	19.9185	0.2	250
11.7	1.15	21.1144	0.2	250
11.7	1.2	22.4113	0.2	250
11.7	1.25	23.7696	0.2	250
11.7	1.3	25.2261	0.2	250
11.7	1.35	26.7763	0.2	250
11.7	1.4	28.4032	0.2	250
11.7	1.45	30.0501	0.2	250
11.7	1.5	31.779	0.2	250
11.7	1.55	33.6659	0.2	250
11.7	1.6	35.5233	0.2	250
11.7	1.65	37.5249	0.2	250
11.7	1.7	39.5916	0.2	250
11.7	1.75	41.6918	0.2	250
11.7	1.8	43.8911	0.2	250
11.7	1.85	46.1012	0.2	250
11.7	1.9	48.3762	0.2	250
11.7	1.95	50.8191	0.2	250
11.7	2	53.1926	0.2	250
11.7	2.05	55.7448	0.2	250
11.7	2.1	58.1171	0.2	250
11.7	2.15	60.7879	0.2	250
11.7	2.2	63.4712	0.2	250
11.7	2.25	66.2752	0.2	250
11.7	2.3	69.2223	0.2	250
11.7	2.35	72.0563	0.2	250
11.7	2.4	74.928	0.2	250
11.7	2.45	78.0657	0.2	250
11.7	2.5	80.9307	0.2	250
11.7	2.55	84.0651	0.2	250
11.7	2.6	87.231	0.2	250
11.7	2.65	90.5539	0.2	250
11.7	2.7	93.8472	0.2	250
11.7	2.75	97.5475	0.2	250
11.7	2.8	100.798	0.2	250
11.7	2.85	104.113	0.2	250
11.7	2.9	108.095	0.2	250
11.7	2.95	111.211	0.2	250
11.7	3	114.861	0.2	250
11.7	3.05	119.017	0.2	250
11.7	3.1	122.391	0.2	250
11.7	3.15	126.78	0.2	250
11.7	3.2	130.624	0.2	250
11.7	3.25	134.502	0.2	250
11.7	3.3	138.571	0.2	250
11.7	3.35	142.933	0.2	250
11.7	3.4	147.427	0.2	250
11.7	3.45	151.159	0.2	250
11.7	3.5	156.126	0.2	250
11.8	0.1	1.7503e-05	0.2	250
11.8	0.15	0.000570615	0.2	250
11.8	0.2	0.0126939	0.2	250
11.8	0.25	0.160547	0.2	250
11.8	0.3	1.32879	0.2	250
11.8	0.35	2.13534	0.2	250
11.8	0.4	8.58232	0.2	250
11.8	0.45	57.981	0.2	250
11.8	0.5	44.0487	0.2	250
11.8	0.55	31.0442	0.2	250
11.8	0.6	23.1242	0.2	250
11.8	0.65	18.7742	0.2	250
11.8	0.7	16.6784	0.2	250
11.8	0.75	15.7203	0.2	250
11.8	0.8	15.5325	0.2	250
11.8	0.85	15.7412	0.2	250
11.8	0.9	16.2	0.2	250
11.8	0.95	16.8919	0.2	250
11.8	1	17.7333	0.2	250
11.8	1.05	18.7275	0.2	250
11.8	1.1	19.8233	0.2	250
11.8	1.15	21.0101	0.2	250
11.8	1.2	22.2949	0.2	250
11.8	1.25	23.6582	0.2	250
11.8	1.3	25.1318	0.2	250
11.8	1.35	26.6702	0.2	250
11.8	1.4	28.2566	0.2	250
11.8	1.45	29.9467	0.2	250
11.8	1.5	31.6954	0.2	250
11.8	1.55	33.6196	0.2	250
11.8	1.6	35.5268	0.2	250
11.8	1.65	37.4799	0.2	250
11.8	1.7	39.5028	0.2	250
11.8	1.75	41.6084	0.2	250
11.8	1.8	43.708	0.2	250
11.8	1.85	45.9657	0.2	250
11.8	1.9	48.3144	0.2	250
11.8	1.95	50.7	0.2	250
11.8	2	53.1282	0.2	250
11.8	2.05	55.5812	0.2	250
11.8	2.1	58.2038	0.2	250
11.8	2.15	60.9119	0.2	250
11.8	2.2	63.4275	0.2	250
11.8	2.25	66.1958	0.2	250
11.8	2.3	69.1317	0.2	250
11.8	2.35	72.0059	0.2	250
11.8	2.4	75.0474	0.2	250
11.8	2.45	77.8751	0.2	250
11.8	2.5	80.8856	0.2	250
11.8	2.55	84.1741	0.2	250
11.8	2.6	87.3396	0.2	250
11.8	2.65	90.6708	0.2	250
11.8	2.7	93.7137	0.2	250
11.8	2.75	97.4716	0.2	250
11.8	2.8	101.006	0.2	250
11.8	2.85	104.291	0.2	250
11.8	2.9	107.529	0.2	250
11.8	2.95	111.257	0.2	250
11.8	3	115.346	0.2	250
11.8	3.05	118.854	0.2	250
11.8	3.1	123.059	0.2	250
11.8	3.15	126.537	0.2	250
11.8	3.2	130.611	0.2	250
11.8	3.25	135.041	0.2	250
11.8	3.3	138.999	0.2	250
11.8	3.35	143.134	0.2	250
11.8	3.4	146.678	0.2	250
11.8	3.45	151.694	0.2	250
11.8	3.5	155.695	0.2	250
11.9	0.1	1.81238e-05	0.2	250
11.9	0.15	0.000592904	0.2	250
11.9	0.2	0.0132977	0.2	250
11.9	0.25	0.167327	0.2	250
11.9	0.3	1.33703	0.2	250
11.9	0.35	2.19246	0.2	250
11.9	0.4	9.46969	0.2	250
11.9	0.45	56.3618	0.2	250
11.9	0.5	42.8117	0.2	250
11.9	0.55	29.8726	0.2	250
11.9	0.6	22.4982	0.2	250
11.9	0.65	18.3241	0.2	250
11.9	0.7	16.2982	0.2	250
11.9	0.75	15.5068	0.2	250
11.9	0.8	15.338	0.2	250
11.9	0.85	15.4819	0.2	250
11.9	0.9	16.0689	0.2	250
11.9	0.95	16.7713	0.2	250
11.9	1	17.613	0.2	250
11.9	1.05	18.6037	0.2	250
11.9	1.1	19.71	0.2	250
11.9	1.15	20.9197	0.2	250
11.9	1.2	22.2396	0.2	250
11.9	1.25	23.5953	0.2	250
11.9	1.3	25.0674	0.2	250
11.9	1.35	26.6098	0.2	250
11.9	1.4	28.2237	0.2	250
11.9	1.45	29.9556	0.2	250
11.9	1.5	31.7144	0.2	250
11.9	1.55	33.5388	0.2	250
11.9	1.6	35.4463	0.2	250
11.9	1.65	37.3538	0.2	250
11.9	1.7	39.4238	0.2	250
11.9	1.75	41.562	0.2	250
11.9	1.8	43.6968	0.2	250
11.9	1.85	45.9556	0.2	250
11.9	1.9	48.2042	0.2	250
11.9	1.95	50.588	0.2	250
11.9	2	53.0513	0.2	250
11.9	2.05	55.6154	0.2	250
11.9	2.1	58.1551	0.2	250
11.9	2.15	60.7871	0.2	250
11.9	2.2	63.3705	0.2	250
11.9	2.25	66.3178	0.2	250
11.9	2.3	68.8719	0.2	250
11.9	2.35	72.029	0.2	250
11.9	2.4	74.823	0.2	250
11.9	2.45	77.7429	0.2	250
11.9	2.5	80.8233	0.2	250
11.9	2.55	84.0351	0.2	250
11.9	2.6	87.4116	0.2	250
11.9	2.65	90.4779	0.2	250
11.9	2.7	94.0012	0.2	250
11.9	2.75	97.4579	0.2	250
11.9	2.8	100.928	0.2	250
11.9	2.85	104.144	0.2	250
11.9	2.9	107.87	0.2	250
11.9	2.95	111.671	0.2	250
11.9	3	114.789	0.2	250
11.9	3.05	118.932	0.2	250
11.9	3.1	122.275	0.2	250
11.9	3.15	126.887	0.2	250
11.9	3.2	130.726	0.2	250
11.9	3.25	134.709	0.2	250
11.9	3.3	138.521	0.2	250
11.9	3.35	143.035	0.2	250
11.9	3.4	147.323	0.2	250
11.9	3.45	151.679	0.2	250
11.9	3.5	155.663	0.2	250
12	0.1	1.87484e-05	0.2	250
12	0.15	0.000618607	0.2	250
12	0.2	0.0138639	0.2	250
12	0.25	0.174444	0.2	250
12	0.3	1.33884	0.2	250
12	0.35	2.2195	0.2	250
12	0.4	10.5646	0.2	250
12	0.45	55.3192	0.2	250
12	0.5	41.2662	0.2	250
12	0.55	29.1294	0.2	250
12	0.6	21.6351	0.2	250
12	0.65	17.8539	0.2	250
12	0.7	16.0157	0.2	250
12	0.75	15.2534	0.2	250
12	0.8	15.1243	0.2	250
12	0.85	15.3997	0.2	250
12	0.9	15.912	0.2	250
12	0.95	16.6389	0.2	250
12	1	17.5104	0.2	250
12	1.05	18.5151	0.2	250
12	1.1	19.6283	0.2	250
12	1.15	20.8459	0.2	250
12	1.2	22.1282	0.2	250
12	1.25	23.5364	0.2	250
12	1.3	24.9764	0.2	250
12	1.35	26.5453	0.2	250
12	1.4	28.1724	0.2	250
12	1.45	29.8297	0.2	250
12	1.5	31.648	0.2	250
12	1.55	33.4296	0.2	250
12	1.6	35.3041	0.2	250
12	1.65	37.3564	0.2	250
12	1.7	39.394	0.2	250
12	1.75	41.4423	0.2	250
12	1.8	43.684	0.2	250
12	1.85	45.8377	0.2	250
12	1.9	48.2119	0.2	250
12	1.95	50.4912	0.2	250
12	2	52.9937	0.2	250
12	2.05	55.3715	0.2	250
12	2.1	58.0886	0.2	250
12	2.15	60.6733	0.2	250
12	2.2	63.5024	0.2	250
12	2.25	66.2456	0.2	250
12	2.3	69.0146	0.2	250
12	2.35	71.9776	0.2	250
12	2.4	74.9342	0.2	250
12	2.45	77.8607	0.2	250
12	2.5	81.0244	0.2	250
12	2.55	84.1484	0.2	250
12	2.6	87.3857	0.2	250
12	2.65	90.3659	0.2	250
12	2.7	93.525	0.2	250
12	2.75	97.0007	0.2	250
12	2.8	100.746	0.2	250
12	2.85	103.956	0.2	250
12	2.9	108.018	0.2	250
12	2.95	111.378	0.2	250
12	3	115.173	0.2	250
12	3.05	118.888	0.2	250
12	3.1	122.416	0.2	250
12	3.15	126.918	0.2	250
12	3.2	130.604	0.2	250
12	3.25	134.202	0.2	250
12	3.3	138.457	0.2	250
12	3.35	142.925	0.2	250
12	3.4	146.332	0.2	250
12	3.45	151.391	0.2	250
12	3.5	154.92	0.2	250
8.8	1	24.8369	0.2	1250
9.3	1.05	23.2014	0.2	1250
9.5	0.95	21.9823	0.2	1250
9.6	0.95	21.6272	0.2	1250
9.8	1	21.2554	0.2	1250
10.3	0.9	19.3093	0.2	1250
10.4	0.9	19.0106	0.2	1250
10.4	0.95	19.3431	0.2	1250
10.5	0.9	18.7576	0.2	1250
10.6	0.9	18.522	0.2	1250
10.7	0.9	18.272	0.2	1250
10.8	0.9	18.0456	0.2	1250
11	0.9	17.604	0.2	1250
11.1	0.9	17.382	0.2	1250
11.3	0.85	16.6514	0.2	1250
11.4	0.85	16.4787	0.2	1250
11.5	0.85	16.2663	0.2	1250
11.6	0.85	16.0441	0.2	1250
11.7	0.85	15.9096	0.2	1250
