10	0.1	8.97224e-06	0.2	250
10	0.15	0.000277725	0.2	250
10	0.2	0.00529207	0.2	250
10	0.25	0.0863465	0.2	250
10	0.3	0.631581	0.2	250
10	0.35	2.51937	0.2	250
10	0.4	3.43296	0.2	250
10	0.45	14.2351	0.2	250
10	0.5	82.5339	0.2	250
10	0.55	63.1262	0.2	250
10	0.6	46.754	0.2	250
10	0.65	35.4816	0.2	250
10	0.7	28.0223	0.2	250
10	0.75	23.8436	0.2	250
10	0.8	21.6169	0.2	250
10	0.85	20.5962	0.2	250
10	0.9	20.2058	0.2	250
10	0.95	17.2666	0.2	250
10	1	20.7699	0.2	250
10	1.05	21.4809	0.2	250
10	1.1	22.3291	0.2	250
10	1.15	23.309	0.2	250
10	1.2	24.4832	0.2	250
10	1.25	25.7073	0.2	250
10	1.3	27.1027	0.2	250
10	1.35	28.5555	0.2	250
10	1.4	29.9824	0.2	250
10	1.45	31.6419	0.2	250
10	1.5	33.3671	0.2	250
10	1.55	35.169	0.2	250
10	1.6	37.0688	0.2	250
10	1.65	38.9833	0.2	250
10	1.7	40.9311	0.2	250
10	1.75	43.0833	0.2	250
10	1.8	45.2302	0.2	250
10	1.85	47.4051	0.2	250
10	1.9	49.7069	0.2	250
10	1.95	52.0029	0.2	250
10	2	54.4357	0.2	250
10	2.05	56.969	0.2	250
10	2.1	59.4674	0.2	250
10	2.15	62.1179	0.2	250
10	2.2	64.8346	0.2	250
10	2.25	67.5222	0.2	250
10	2.3	70.3181	0.2	250
10	2.35	73.1176	0.2	250
10	2.4	76.1526	0.2	250
10	2.45	79.0407	0.2	250
10	2.5	82.0896	0.2	250
10	2.55	85.4386	0.2	250
10	2.6	88.4133	0.2	250
10	2.65	91.6413	0.2	250
10	2.7	95.1535	0.2	250
10	2.75	98.4652	0.2	250
10	2.8	101.997	0.2	250
10	2.85	105.559	0.2	250
10	2.9	109.136	0.2	250
10	2.95	112.568	0.2	250
10	3	116.236	0.2	250
10.1	0.1	9.33828e-06	0.2	250
10.1	0.15	0.000288981	0.2	250
10.1	0.2	0.00557619	0.2	250
10.1	0.25	0.0897969	0.2	250
10.1	0.3	0.672455	0.2	250
10.1	0.35	2.47008	0.2	250
10.1	0.4	3.5474	0.2	250
10.1	0.45	17.1286	0.2	250
10.1	0.5	80.4242	0.2	250
10.1	0.55	61.0383	0.2	250
10.1	0.6	45.119	0.2	250
10.1	0.65	33.7218	0.2	250
10.1	0.7	26.877	0.2	250
10.1	0.75	23.0942	0.2	250
10.1	0.8	21.0906	0.2	250
10.1	0.85	20.168	0.2	250
10.1	0.9	19.9135	0.2	250
10.1	0.95	15.918	0.2	250
10.1	1	20.5648	0.2	250
10.1	1.05	21.2635	0.2	250
10.1	1.1	22.1459	0.2	250
10.1	1.15	23.1703	0.2	250
10.1	1.2	24.2767	0.2	250
10.1	1.25	25.5458	0.2	250
10.1	1.3	26.9556	0.2	250
10.1	1.35	28.3985	0.2	250
10.1	1.4	29.9454	0.2	250
10.1	1.45	31.5562	0.2	250
10.1	1.5	33.2502	0.2	250
10.1	1.55	35.0468	0.2	250
10.1	1.6	36.9225	0.2	250
10.1	1.65	38.8566	0.2	250
10.1	1.7	40.8919	0.2	250
10.1	1.75	42.9112	0.2	250
10.1	1.8	45.0444	0.2	250
10.1	1.85	47.3197	0.2	250
10.1	1.9	49.5514	0.2	250
10.1	1.95	51.9783	0.2	250
10.1	2	54.3029	0.2	250
10.1	2.05	56.8158	0.2	250
10.1	2.1	59.3631	0.2	250
10.1	2.15	61.9723	0.2	250
10.1	2.2	64.6068	0.2	250
10.1	2.25	67.3577	0.2	250
10.1	2.3	70.1515	0.2	250
10.1	2.35	73.1762	0.2	250
10.1	2.4	76.0645	0.2	250
10.1	2.45	79.0436	0.2	250
10.1	2.5	82.0865	0.2	250
10.1	2.55	85.3086	0.2	250
10.1	2.6	88.5348	0.2	250
10.1	2.65	91.3546	0.2	250
10.1	2.7	95.006	0.2	250
10.1	2.75	98.3067	0.2	250
10.1	2.8	102.016	0.2	250
10.1	2.85	105.376	0.2	250
10.1	2.9	108.914	0.2	250
10.1	2.95	112.604	0.2	250
10.1	3	116.49	0.2	250
10.2	0.1	9.70402e-06	0.2	250
10.2	0.15	0.000302637	0.2	250
10.2	0.2	0.0058773	0.2	250
10.2	0.25	0.092382	0.2	250
10.2	0.3	0.721001	0.2	250
10.2	0.35	2.41033	0.2	250
10.2	0.4	3.59666	0.2	250
10.2	0.45	22.6085	0.2	250
10.2	0.5	78.1263	0.2	250
10.2	0.55	58.9148	0.2	250
10.2	0.6	42.844	0.2	250
10.2	0.65	32.5741	0.2	250
10.2	0.7	25.8519	0.2	250
10.2	0.75	22.3588	0.2	250
10.2	0.8	20.5678	0.2	250
10.2	0.85	19.7737	0.2	250
10.2	0.9	19.6087	0.2	250
10.2	0.95	16.1707	0.2	250
10.2	1	20.3399	0.2	250
10.2	1.05	21.062	0.2	250
10.2	1.1	21.9652	0.2	250
10.2	1.15	22.9601	0.2	250
10.2	1.2	24.1717	0.2	250
10.2	1.25	25.4353	0.2	250
10.2	1.3	26.7592	0.2	250
10.2	1.35	28.2183	0.2	250
10.2	1.4	29.8166	0.2	250
10.2	1.45	31.4026	0.2	250
10.2	1.5	33.1708	0.2	250
10.2	1.55	34.8857	0.2	250
10.2	1.6	36.8479	0.2	250
10.2	1.65	38.7943	0.2	250
10.2	1.7	40.721	0.2	250
10.2	1.75	42.8031	0.2	250
10.2	1.8	44.9265	0.2	250
10.2	1.85	47.2055	0.2	250
10.2	1.9	49.4572	0.2	250
10.2	1.95	51.8631	0.2	250
10.2	2	54.3086	0.2	250
10.2	2.05	56.668	0.2	250
10.2	2.1	59.2182	0.2	250
10.2	2.15	61.8852	0.2	250
10.2	2.2	64.5668	0.2	250
10.2	2.25	67.2363	0.2	250
10.2	2.3	70.214	0.2	250
10.2	2.35	72.9903	0.2	250
10.2	2.4	76.0491	0.2	250
10.2	2.45	78.915	0.2	250
10.2	2.5	81.9091	0.2	250
10.2	2.55	84.9925	0.2	250
10.2	2.6	88.4627	0.2	250
10.2	2.65	91.5726	0.2	250
10.2	2.7	95.0327	0.2	250
10.2	2.75	98.458	0.2	250
10.2	2.8	101.928	0.2	250
10.2	2.85	105.204	0.2	250
10.2	2.9	108.415	0.2	250
10.2	2.95	112.575	0.2	250
10.2	3	116.35	0.2	250
10.3	0.1	1.00941e-05	0.2	250
10.3	0.15	0.000314521	0.2	250
10.3	0.2	0.00616865	0.2	250
10.3	0.25	0.0958678	0.2	250
10.3	0.3	0.766047	0.2	250
10.3	0.35	2.36528	0.2	250
10.3	0.4	3.69338	0.2	250
10.3	0.45	72.2546	0.2	250
10.3	0.5	74.8012	0.2	250
10.3	0.55	56.1501	0.2	250
10.3	0.6	41.5586	0.2	250
10.3	0.65	31.295	0.2	250
10.3	0.7	25.1044	0.2	250
10.3	0.75	21.7444	0.2	250
10.3	0.8	20.104	0.2	250
10.3	0.85	19.4171	0.2	250
10.3	0.9	19.3093	0.2	1250
10.3	0.95	16.1541	0.2	250
10.3	1	20.1065	0.2	250
10.3	1.05	20.8401	0.2	250
10.3	1.1	21.7762	0.2	250
10.3	1.15	22.828	0.2	250
10.3	1.2	24.0175	0.2	250
10.3	1.25	25.3068	0.2	250
10.3	1.3	26.6673	0.2	250
10.3	1.35	28.1468	0.2	250
10.3	1.4	29.7119	0.2	250
10.3	1.45	31.3444	0.2	250
10.3	1.5	33.0666	0.2	250
10.3	1.55	34.8717	0.2	250
10.3	1.6	36.7482	0.2	250
10.3	1.65	38.6518	0.2	250
10.3	1.7	40.6978	0.2	250
10.3	1.75	42.7251	0.2	250
10.3	1.8	44.9309	0.2	250
10.3	1.85	47.1305	0.2	250
10.3	1.9	49.4282	0.2	250
10.3	1.95	51.6186	0.2	250
10.3	2	54.031	0.2	250
10.3	2.05	56.65	0.2	250
10.3	2.1	59.2743	0.2	250
10.3	2.15	61.6755	0.2	250
10.3	2.2	64.5198	0.2	250
10.3	2.25	67.1371	0.2	250
10.3	2.3	70.098	0.2	250
10.3	2.35	72.8137	0.2	250
10.3	2.4	75.7571	0.2	250
10.3	2.45	78.7991	0.2	250
10.3	2.5	81.7852	0.2	250
10.3	2.55	85.0341	0.2	250
10.3	2.6	88.1452	0.2	250
10.3	2.65	91.6673	0.2	250
10.3	2.7	94.9593	0.2	250
10.3	2.75	97.9267	0.2	250
10.3	2.8	101.725	0.2	250
10.3	2.85	104.9	0.2	250
10.3	2.9	108.55	0.2	250
10.3	2.95	112.41	0.2	250
10.3	3	115.796	0.2	250
10.4	0.1	1.05065e-05	0.2	250
10.4	0.15	0.000328126	0.2	250
10.4	0.2	0.00648725	0.2	250
10.4	0.25	0.0990647	0.2	250
10.4	0.3	0.820361	0.2	250
10.4	0.35	2.31151	0.2	250
10.4	0.4	3.80743	0.2	250
10.4	0.45	74.2895	0.2	250
10.4	0.5	72.5702	0.2	250
10.4	0.55	54.5313	0.2	250
10.4	0.6	39.6234	0.2	250
10.4	0.65	29.8776	0.2	250
10.4	0.7	24.1937	0.2	250
10.4	0.75	21.218	0.2	250
10.4	0.8	19.662	0.2	250
10.4	0.85	19.1003	0.2	250
10.4	0.9	19.0106	0.2	1250
10.4	0.95	19.3431	0.2	1250
10.4	1	19.9131	0.2	250
10.4	1.05	20.6778	0.2	250
10.4	1.1	21.6148	0.2	250
10.4	1.15	22.6775	0.2	250
10.4	1.2	23.8541	0.2	250
10.4	1.25	25.1678	0.2	250
10.4	1.3	26.5625	0.2	250
10.4	1.35	27.9871	0.2	250
10.4	1.4	29.6065	0.2	250
10.4	1.45	31.2354	0.2	250
10.4	1.5	32.9451	0.2	250
10.4	1.55	34.7674	0.2	250
10.4	1.6	36.6008	0.2	250
10.4	1.65	38.5836	0.2	250
10.4	1.7	40.565	0.2	250
10.4	1.75	42.63	0.2	250
10.4	1.8	44.8035	0.2	250
10.4	1.85	47.0578	0.2	250
10.4	1.9	49.281	0.2	250
10.4	1.95	51.7191	0.2	250
10.4	2	53.99	0.2	250
10.4	2.05	56.6071	0.2	250
10.4	2.1	59.1537	0.2	250
10.4	2.15	61.6935	0.2	250
10.4	2.2	64.4617	0.2	250
10.4	2.25	67.1312	0.2	250
10.4	2.3	70.0435	0.2	250
10.4	2.35	72.9094	0.2	250
10.4	2.4	75.8959	0.2	250
10.4	2.45	78.6991	0.2	250
10.4	2.5	82.008	0.2	250
10.4	2.55	85.0878	0.2	250
10.4	2.6	88.0753	0.2	250
10.4	2.65	91.5188	0.2	250
10.4	2.7	94.5756	0.2	250
10.4	2.75	98.0349	0.2	250
10.4	2.8	101.768	0.2	250
10.4	2.85	104.944	0.2	250
10.4	2.9	108.852	0.2	250
10.4	2.95	112.484	0.2	250
10.4	3	116.011	0.2	250
10.5	0.1	1.09015e-05	0.2	250
10.5	0.15	0.0003432	0.2	250
10.5	0.2	0.0068498	0.2	250
10.5	0.25	0.103153	0.2	250
10.5	0.3	0.868657	0.2	250
10.5	0.35	2.26654	0.2	250
10.5	0.4	3.95047	0.2	250
10.5	0.45	75.2279	0.2	250
10.5	0.5	69.3113	0.2	250
10.5	0.55	52.0108	0.2	250
10.5	0.6	38.0847	0.2	250
10.5	0.65	28.648	0.2	250
10.5	0.7	23.4664	0.2	250
10.5	0.75	20.6127	0.2	250
10.5	0.8	19.2464	0.2	250
10.5	0.85	18.7675	0.2	250
10.5	0.9	18.7576	0.2	1250
10.5	0.95	19.1567	0.2	250
10.5	1	19.7107	0.2	250
10.5	1.05	20.5077	0.2	250
10.5	1.1	21.4227	0.2	250
10.5	1.15	22.5207	0.2	250
10.5	1.2	23.6841	0.2	250
10.5	1.25	25.026	0.2	250
10.5	1.3	26.3708	0.2	250
10.5	1.35	27.9108	0.2	250
10.5	1.4	29.447	0.2	250
10.5	1.45	31.1351	0.2	250
10.5	1.5	32.8525	0.2	250
10.5	1.55	34.6655	0.2	250
10.5	1.6	36.5233	0.2	250
10.5	1.65	38.4739	0.2	250
10.5	1.7	40.5062	0.2	250
10.5	1.75	42.5727	0.2	250
10.5	1.8	44.7503	0.2	250
10.5	1.85	46.8794	0.2	250
10.5	1.9	49.2124	0.2	250
10.5	1.95	51.6293	0.2	250
10.5	2	53.9283	0.2	250
10.5	2.05	56.5241	0.2	250
10.5	2.1	58.9878	0.2	250
10.5	2.15	61.6361	0.2	250
10.5	2.2	64.2364	0.2	250
10.5	2.25	67.0244	0.2	250
10.5	2.3	69.9857	0.2	250
10.5	2.35	72.7661	0.2	250
10.5	2.4	75.7005	0.2	250
10.5	2.45	78.8506	0.2	250
10.5	2.5	81.5822	0.2	250
10.5	2.55	85.061	0.2	250
10.5	2.6	88.0925	0.2	250
10.5	2.65	91.5571	0.2	250
10.5	2.7	94.7667	0.2	250
10.5	2.75	98.0912	0.2	250
10.5	2.8	101.353	0.2	250
10.5	2.85	105.141	0.2	250
10.5	2.9	108.817	0.2	250
10.5	2.95	112.374	0.2	250
10.5	3	116.121	0.2	250
10.6	0.1	1.13523e-05	0.2	250
10.6	0.15	0.000356135	0.2	250
10.6	0.2	0.00716185	0.2	250
10.6	0.25	0.105944	0.2	250
10.6	0.3	0.92534	0.2	250
10.6	0.35	2.22719	0.2	250
10.6	0.4	4.09827	0.2	250
10.6	0.45	74.7731	0.2	250
10.6	0.5	66.9837	0.2	250
10.6	0.55	50.139	0.2	250
10.6	0.6	36.2208	0.2	250
10.6	0.65	27.6022	0.2	250
10.6	0.7	22.7873	0.2	250
10.6	0.75	20.1795	0.2	250
10.6	0.8	18.881	0.2	250
10.6	0.85	18.4363	0.2	250
10.6	0.9	18.522	0.2	1250
10.6	0.95	18.8534	0.2	250
10.6	1	19.5095	0.2	250
10.6	1.05	20.3359	0.2	250
10.6	1.1	21.2792	0.2	250
10.6	1.15	22.3685	0.2	250
10.6	1.2	23.598	0.2	250
10.6	1.25	24.8638	0.2	250
10.6	1.3	26.263	0.2	250
10.6	1.35	27.8117	0.2	250
10.6	1.4	29.3442	0.2	250
10.6	1.45	30.9922	0.2	250
10.6	1.5	32.6576	0.2	250
10.6	1.55	34.5707	0.2	250
10.6	1.6	36.3407	0.2	250
10.6	1.65	38.4116	0.2	250
10.6	1.7	40.357	0.2	250
10.6	1.75	42.3802	0.2	250
10.6	1.8	44.6744	0.2	250
10.6	1.85	46.791	0.2	250
10.6	1.9	49.145	0.2	250
10.6	1.95	51.4854	0.2	250
10.6	2	53.9686	0.2	250
10.6	2.05	56.2616	0.2	250
10.6	2.1	58.9536	0.2	250
10.6	2.15	61.4652	0.2	250
10.6	2.2	64.166	0.2	250
10.6	2.25	67.0808	0.2	250
10.6	2.3	69.7827	0.2	250
10.6	2.35	72.7974	0.2	250
10.6	2.4	75.7233	0.2	250
10.6	2.45	78.6102	0.2	250
10.6	2.5	81.8039	0.2	250
10.6	2.55	84.7349	0.2	250
10.6	2.6	87.9003	0.2	250
10.6	2.65	91.0877	0.2	250
10.6	2.7	94.6901	0.2	250
10.6	2.75	97.9788	0.2	250
10.6	2.8	101.456	0.2	250
10.6	2.85	105.168	0.2	250
10.6	2.9	108.37	0.2	250
10.6	2.95	112.32	0.2	250
10.6	3	116.13	0.2	250
10.7	0.1	1.17667e-05	0.2	250
10.7	0.15	0.00037078	0.2	250
10.7	0.2	0.00755006	0.2	250
10.7	0.25	0.109706	0.2	250
10.7	0.3	0.978882	0.2	250
10.7	0.35	2.19382	0.2	250
10.7	0.4	4.23137	0.2	250
10.7	0.45	74.3239	0.2	250
10.7	0.5	64.9123	0.2	250
10.7	0.55	48.2414	0.2	250
10.7	0.6	35.2108	0.2	250
10.7	0.65	26.7425	0.2	250
10.7	0.7	22.029	0.2	250
10.7	0.75	19.6632	0.2	250
10.7	0.8	18.5578	0.2	250
10.7	0.85	18.1403	0.2	250
10.7	0.9	18.272	0.2	1250
10.7	0.95	18.6788	0.2	250
10.7	1	19.3372	0.2	250
10.7	1.05	20.1409	0.2	250
10.7	1.1	21.1407	0.2	250
10.7	1.15	22.2487	0.2	250
10.7	1.2	23.4594	0.2	250
10.7	1.25	24.79	0.2	250
10.7	1.3	26.182	0.2	250
10.7	1.35	27.6692	0.2	250
10.7	1.4	29.1952	0.2	250
10.7	1.45	30.8786	0.2	250
10.7	1.5	32.6212	0.2	250
10.7	1.55	34.3789	0.2	250
10.7	1.6	36.2776	0.2	250
10.7	1.65	38.2614	0.2	250
10.7	1.7	40.3136	0.2	250
10.7	1.75	42.3614	0.2	250
10.7	1.8	44.5516	0.2	250
10.7	1.85	46.8114	0.2	250
10.7	1.9	49.0377	0.2	250
10.7	1.95	51.4284	0.2	250
10.7	2	53.8237	0.2	250
10.7	2.05	56.3977	0.2	250
10.7	2.1	58.8437	0.2	250
10.7	2.15	61.5705	0.2	250
10.7	2.2	64.1511	0.2	250
10.7	2.25	67.0072	0.2	250
10.7	2.3	69.7567	0.2	250
10.7	2.35	72.5182	0.2	250
10.7	2.4	75.6581	0.2	250
10.7	2.45	78.4513	0.2	250
10.7	2.5	81.7005	0.2	250
10.7	2.55	84.7986	0.2	250
10.7	2.6	87.8264	0.2	250
10.7	2.65	91.3819	0.2	250
10.7	2.7	94.5608	0.2	250
10.7	2.75	98.0684	0.2	250
10.7	2.8	101.559	0.2	250
10.7	2.85	105.086	0.2	250
10.7	2.9	108.615	0.2	250
10.7	2.95	111.929	0.2	250
10.7	3	116.011	0.2	250
10.8	0.1	1.2239e-05	0.2	250
10.8	0.15	0.00038783	0.2	250
10.8	0.2	0.00790203	0.2	250
10.8	0.25	0.113427	0.2	250
10.8	0.3	1.02413	0.2	250
10.8	0.35	2.16237	0.2	250
10.8	0.4	4.43783	0.2	250
10.8	0.45	73.24	0.2	250
10.8	0.5	62.352	0.2	250
10.8	0.55	45.8897	0.2	250
10.8	0.6	33.4221	0.2	250
10.8	0.65	25.6821	0.2	250
10.8	0.7	21.3829	0.2	250
10.8	0.75	19.1865	0.2	250
10.8	0.8	18.17	0.2	250
10.8	0.85	17.861	0.2	250
10.8	0.9	18.0456	0.2	1250
10.8	0.95	18.4768	0.2	250
10.8	1	19.1581	0.2	250
10.8	1.05	20.0098	0.2	250
10.8	1.1	21.0095	0.2	250
10.8	1.15	22.0896	0.2	250
10.8	1.2	23.3508	0.2	250
10.8	1.25	24.6662	0.2	250
10.8	1.3	26.0533	0.2	250
10.8	1.35	27.5691	0.2	250
10.8	1.4	29.1424	0.2	250
10.8	1.45	30.835	0.2	250
10.8	1.5	32.5757	0.2	250
10.8	1.55	34.3617	0.2	250
10.8	1.6	36.2497	0.2	250
10.8	1.65	38.187	0.2	250
10.8	1.7	40.2208	0.2	250
10.8	1.75	42.2901	0.2	250
10.8	1.8	44.5044	0.2	250
10.8	1.85	46.742	0.2	250
10.8	1.9	48.9809	0.2	250
10.8	1.95	51.3221	0.2	250
10.8	2	53.8265	0.2	250
10.8	2.05	56.2765	0.2	250
10.8	2.1	58.8402	0.2	250
10.8	2.15	61.3879	0.2	250
10.8	2.2	64.0308	0.2	250
10.8	2.25	66.8975	0.2	250
10.8	2.3	69.5121	0.2	250
10.8	2.35	72.5089	0.2	250
10.8	2.4	75.4099	0.2	250
10.8	2.45	78.502	0.2	250
10.8	2.5	81.6797	0.2	250
10.8	2.55	84.8619	0.2	250
10.8	2.6	87.8245	0.2	250
10.8	2.65	91.1769	0.2	250
10.8	2.7	94.6643	0.2	250
10.8	2.75	97.9914	0.2	250
10.8	2.8	101.226	0.2	250
10.8	2.85	104.998	0.2	250
10.8	2.9	108.24	0.2	250
10.8	2.95	112.292	0.2	250
10.8	3	115.864	0.2	250
10.9	0.1	1.26802e-05	0.2	250
10.9	0.15	0.000402125	0.2	250
10.9	0.2	0.00831175	0.2	250
10.9	0.25	0.116598	0.2	250
10.9	0.3	1.07868	0.2	250
10.9	0.35	2.1541	0.2	250
10.9	0.4	4.69299	0.2	250
10.9	0.45	72.7619	0.2	250
10.9	0.5	61.0143	0.2	250
10.9	0.55	44.5748	0.2	250
10.9	0.6	32.4859	0.2	250
10.9	0.65	24.8917	0.2	250
10.9	0.7	20.8308	0.2	250
10.9	0.75	18.7729	0.2	250
10.9	0.8	17.8788	0.2	250
10.9	0.85	17.6363	0.2	250
10.9	0.9	15.5144	0.2	250
10.9	0.95	18.2994	0.2	250
10.9	1	18.9881	0.2	250
10.9	1.05	19.8565	0.2	250
10.9	1.1	20.8635	0.2	250
10.9	1.15	21.995	0.2	250
10.9	1.2	23.2339	0.2	250
10.9	1.25	24.5301	0.2	250
10.9	1.3	25.9855	0.2	250
10.9	1.35	27.4253	0.2	250
10.9	1.4	29.0613	0.2	250
10.9	1.45	30.6531	0.2	250
10.9	1.5	32.4253	0.2	250
10.9	1.55	34.257	0.2	250
10.9	1.6	36.1386	0.2	250
10.9	1.65	38.1404	0.2	250
10.9	1.7	40.1397	0.2	250
10.9	1.75	42.1527	0.2	250
10.9	1.8	44.3893	0.2	250
10.9	1.85	46.6526	0.2	250
10.9	1.9	48.9589	0.2	250
10.9	1.95	51.2647	0.2	250
10.9	2	53.7463	0.2	250
10.9	2.05	56.2171	0.2	250
10.9	2.1	58.7568	0.2	250
10.9	2.15	61.3854	0.2	250
10.9	2.2	64.1111	0.2	250
10.9	2.25	66.8812	0.2	250
10.9	2.3	69.6834	0.2	250
10.9	2.35	72.6015	0.2	250
10.9	2.4	75.303	0.2	250
10.9	2.45	78.5201	0.2	250
10.9	2.5	81.5335	0.2	250
10.9	2.55	84.5104	0.2	250
10.9	2.6	87.756	0.2	250
10.9	2.65	91.203	0.2	250
10.9	2.7	94.353	0.2	250
10.9	2.75	97.9403	0.2	250
10.9	2.8	101.362	0.2	250
10.9	2.85	104.748	0.2	250
10.9	2.9	108.503	0.2	250
10.9	2.95	112.204	0.2	250
10.9	3	115.516	0.2	250
11	0.1	1.31977e-05	0.2	250
11	0.15	0.00041822	0.2	250
11	0.2	0.00869673	0.2	250
11	0.25	0.120193	0.2	250
11	0.3	1.12069	0.2	250
11	0.35	2.13508	0.2	250
11	0.4	4.89997	0.2	250
11	0.45	70.0984	0.2	250
11	0.5	57.9757	0.2	250
11	0.55	42.7061	0.2	250
11	0.6	30.9153	0.2	250
11	0.65	23.9788	0.2	250
11	0.7	20.2631	0.2	250
11	0.75	18.346	0.2	250
11	0.8	17.5289	0.2	250
11	0.85	17.3714	0.2	250
11	0.9	17.604	0.2	1250
11	0.95	18.1204	0.2	250
11	1	18.8307	0.2	250
11	1.05	19.7126	0.2	250
11	1.1	20.7054	0.2	250
11	1.15	21.8653	0.2	250
11	1.2	23.0934	0.2	250
11	1.25	24.4339	0.2	250
11	1.3	25.8446	0.2	250
11	1.35	27.3488	0.2	250
11	1.4	28.9648	0.2	250
11	1.45	30.6496	0.2	250
11	1.5	32.3941	0.2	250
11	1.55	34.2195	0.2	250
11	1.6	36.0261	0.2	250
11	1.65	37.9865	0.2	250
11	1.7	40.0846	0.2	250
11	1.75	42.176	0.2	250
11	1.8	44.3267	0.2	250
11	1.85	46.5214	0.2	250
11	1.9	48.7099	0.2	250
11	1.95	51.0851	0.2	250
11	2	53.6493	0.2	250
11	2.05	56.0475	0.2	250
11	2.1	58.5371	0.2	250
11	2.15	61.3499	0.2	250
11	2.2	63.9417	0.2	250
11	2.25	66.7013	0.2	250
11	2.3	69.5998	0.2	250
11	2.35	72.4943	0.2	250
11	2.4	75.3691	0.2	250
11	2.45	78.5048	0.2	250
11	2.5	81.5417	0.2	250
11	2.55	84.5258	0.2	250
11	2.6	87.6724	0.2	250
11	2.65	91.1425	0.2	250
11	2.7	94.5246	0.2	250
11	2.75	97.9011	0.2	250
11	2.8	101.023	0.2	250
11	2.85	104.695	0.2	250
11	2.9	108.148	0.2	250
11	2.95	112.118	0.2	250
11	3	115.348	0.2	250
9	0.1	5.84606e-06	0.2	250
9	0.15	0.000176827	0.2	250
9	0.2	0.003059	0.2	250
9	0.25	0.0500007	0.2	250
9	0.3	0.356415	0.2	250
9	0.35	2.61388	0.2	250
9	0.4	3.5337	0.2	250
9	0.45	6.05299	0.2	250
9	0.5	117	0.2	250
9	0.55	97.2025	0.2	250
9	0.6	74.1766	0.2	250
9	0.65	56.1794	0.2	250
9	0.7	42.8062	0.2	250
9	0.75	34.3373	0.2	250
9	0.8	29.2773	0.2	250
9	0.85	26.3409	0.2	250
9	0.9	24.7621	0.2	250
9	0.95	24.1025	0.2	250
9	1	23.4763	0.2	250
9	1.05	20.3908	0.2	250
9	1.1	24.8039	0.2	250
9	1.15	25.6033	0.2	250
9	1.2	26.5582	0.2	250
9	1.25	27.6475	0.2	250
9	1.3	28.8949	0.2	250
9	1.35	30.2374	0.2	250
9	1.4	31.7065	0.2	250
9	1.45	33.2331	0.2	250
9	1.5	34.8469	0.2	250
9	1.55	36.6078	0.2	250
9	1.6	38.3476	0.2	250
9	1.65	40.2599	0.2	250
9	1.7	42.2942	0.2	250
9	1.75	44.2484	0.2	250
9	1.8	46.3945	0.2	250
9	1.85	48.6027	0.2	250
9	1.9	50.8293	0.2	250
9	1.95	53.2136	0.2	250
9	2	55.5772	0.2	250
9	2.05	57.9641	0.2	250
9	2.1	60.6099	0.2	250
9	2.15	63.2059	0.2	250
9	2.2	65.6308	0.2	250
9	2.25	68.5929	0.2	250
9	2.3	71.4004	0.2	250
9	2.35	74.1201	0.2	250
9	2.4	77.1285	0.2	250
9	2.45	79.9895	0.2	250
9	2.5	83.2671	0.2	250
9	2.55	86.3513	0.2	250
9	2.6	89.4833	0.2	250
9	2.65	92.6205	0.2	250
9	2.7	95.8778	0.2	250
9	2.75	99.3394	0.2	250
9	2.8	102.944	0.2	250
9	2.85	106.29	0.2	250
9	2.9	110.052	0.2	250
9	2.95	113.406	0.2	250
9	3	117.011	0.2	250
9.1	0.1	6.12909e-06	0.2	250
9.1	0.15	0.000185442	0.2	250
9.1	0.2	0.00324267	0.2	250
9.1	0.25	0.0530574	0.2	250
9.1	0.3	0.372291	0.2	250
9.1	0.35	2.68483	0.2	250
9.1	0.4	3.43286	0.2	250
9.1	0.45	6.27797	0.2	250
9.1	0.5	115.135	0.2	250
9.1	0.55	93.6112	0.2	250
9.1	0.6	70.2902	0.2	250
9.1	0.65	53.5678	0.2	250
9.1	0.7	40.5648	0.2	250
9.1	0.75	32.8153	0.2	250
9.1	0.8	28.1426	0.2	250
9.1	0.85	25.5924	0.2	250
9.1	0.9	24.1616	0.2	250
9.1	0.95	23.6098	0.2	250
9.1	1	23.5404	0.2	250
9.1	1.05	19.3326	0.2	250
9.1	1.1	24.5094	0.2	250
9.1	1.15	25.3276	0.2	250
9.1	1.2	26.2852	0.2	250
9.1	1.25	27.4166	0.2	250
9.1	1.3	28.6874	0.2	250
9.1	1.35	30.0357	0.2	250
9.1	1.4	31.4728	0.2	250
9.1	1.45	33.075	0.2	250
9.1	1.5	34.7134	0.2	250
9.1	1.55	36.4607	0.2	250
9.1	1.6	38.2293	0.2	250
9.1	1.65	40.1056	0.2	250
9.1	1.7	42.1107	0.2	250
9.1	1.75	44.1327	0.2	250
9.1	1.8	46.2328	0.2	250
9.1	1.85	48.3958	0.2	250
9.1	1.9	50.6343	0.2	250
9.1	1.95	52.9875	0.2	250
9.1	2	55.4662	0.2	250
9.1	2.05	57.8799	0.2	250
9.1	2.1	60.3248	0.2	250
9.1	2.15	62.9875	0.2	250
9.1	2.2	65.5993	0.2	250
9.1	2.25	68.4312	0.2	250
9.1	2.3	71.2373	0.2	250
9.1	2.35	74.08	0.2	250
9.1	2.4	77.0349	0.2	250
9.1	2.45	79.7817	0.2	250
9.1	2.5	83.0281	0.2	250
9.1	2.55	86.1669	0.2	250
9.1	2.6	89.2807	0.2	250
9.1	2.65	92.4292	0.2	250
9.1	2.7	95.7976	0.2	250
9.1	2.75	99.2496	0.2	250
9.1	2.8	102.684	0.2	250
9.1	2.85	106.43	0.2	250
9.1	2.9	109.831	0.2	250
9.1	2.95	113.459	0.2	250
9.1	3	117.03	0.2	250
9.2	0.1	6.39305e-06	0.2	250
9.2	0.15	0.000193598	0.2	250
9.2	0.2	0.00341188	0.2	250
9.2	0.25	0.0565204	0.2	250
9.2	0.3	0.390594	0.2	250
9.2	0.35	2.70914	0.2	250
9.2	0.4	3.37976	0.2	250
9.2	0.45	6.70914	0.2	250
9.2	0.5	110.251	0.2	250
9.2	0.55	88.4136	0.2	250
9.2	0.6	67.2051	0.2	250
9.2	0.65	50.6778	0.2	250
9.2	0.7	38.7401	0.2	250
9.2	0.75	31.5431	0.2	250
9.2	0.8	27.2245	0.2	250
9.2	0.85	24.8348	0.2	250
9.2	0.9	23.6257	0.2	250
9.2	0.95	23.1823	0.2	250
9.2	1	23.3824	0.2	250
9.2	1.05	18.7978	0.2	250
9.2	1.1	24.2109	0.2	250
9.2	1.15	25.0565	0.2	250
9.2	1.2	26.0674	0.2	250
9.2	1.25	27.212	0.2	250
9.2	1.3	28.459	0.2	250
9.2	1.35	29.8433	0.2	250
9.2	1.4	31.3079	0.2	250
9.2	1.45	32.8704	0.2	250
9.2	1.5	34.4605	0.2	250
9.2	1.55	36.2052	0.2	250
9.2	1.6	38.1	0.2	250
9.2	1.65	39.962	0.2	250
9.2	1.7	41.9324	0.2	250
9.2	1.75	44.0316	0.2	250
9.2	1.8	46.0841	0.2	250
9.2	1.85	48.3266	0.2	250
9.2	1.9	50.6145	0.2	250
9.2	1.95	52.8978	0.2	250
9.2	2	55.3469	0.2	250
9.2	2.05	57.7758	0.2	250
9.2	2.1	60.3319	0.2	250
9.2	2.15	62.8696	0.2	250
9.2	2.2	65.4451	0.2	250
9.2	2.25	68.317	0.2	250
9.2	2.3	71.1577	0.2	250
9.2	2.35	73.8966	0.2	250
9.2	2.4	76.7025	0.2	250
9.2	2.45	79.8673	0.2	250
9.2	2.5	82.8935	0.2	250
9.2	2.55	85.881	0.2	250
9.2	2.6	89.0862	0.2	250
9.2	2.65	92.3576	0.2	250
9.2	2.7	95.6864	0.2	250
9.2	2.75	99.3657	0.2	250
9.2	2.8	102.594	0.2	250
9.2	2.85	105.791	0.2	250
9.2	2.9	109.811	0.2	250
9.2	2.95	113.516	0.2	250
9.2	3	117.279	0.2	250
9.3	0.1	6.69109e-06	0.2	250
9.3	0.15	0.000203562	0.2	250
9.3	0.2	0.00363462	0.2	250
9.3	0.25	0.0600247	0.2	250
9.3	0.3	0.411869	0.2	250
9.3	0.35	2.73141	0.2	250
9.3	0.4	3.37914	0.2	250
9.3	0.45	7.0567	0.2	250
9.3	0.5	107.601	0.2	250
9.3	0.55	84.773	0.2	250
9.3	0.6	64.707	0.2	250
9.3	0.65	48.7029	0.2	250
9.3	0.7	37.1599	0.2	250
9.3	0.75	30.2953	0.2	250
9.3	0.8	26.4042	0.2	250
9.3	0.85	24.2086	0.2	250
9.3	0.9	23.1375	0.2	250
9.3	0.95	22.763	0.2	250
9.3	1	20.0617	0.2	250
9.3	1.05	23.1978	0.2	1250
9.3	1.1	23.9484	0.2	250
9.3	1.15	24.8139	0.2	250
9.3	1.2	25.8319	0.2	250
9.3	1.25	26.9884	0.2	250
9.3	1.3	28.2797	0.2	250
9.3	1.35	29.6446	0.2	250
9.3	1.4	31.1489	0.2	250
9.3	1.45	32.7293	0.2	250
9.3	1.5	34.367	0.2	250
9.3	1.55	36.13	0.2	250
9.3	1.6	37.9401	0.2	250
9.3	1.65	39.8194	0.2	250
9.3	1.7	41.8463	0.2	250
9.3	1.75	43.904	0.2	250
9.3	1.8	45.9746	0.2	250
9.3	1.85	48.222	0.2	250
9.3	1.9	50.3256	0.2	250
9.3	1.95	52.8293	0.2	250
9.3	2	55.147	0.2	250
9.3	2.05	57.5432	0.2	250
9.3	2.1	60.2259	0.2	250
9.3	2.15	62.7883	0.2	250
9.3	2.2	65.5048	0.2	250
9.3	2.25	68.1923	0.2	250
9.3	2.3	70.976	0.2	250
9.3	2.35	73.7094	0.2	250
9.3	2.4	76.8553	0.2	250
9.3	2.45	79.8091	0.2	250
9.3	2.5	82.7421	0.2	250
9.3	2.55	85.8549	0.2	250
9.3	2.6	89.2541	0.2	250
9.3	2.65	92.4974	0.2	250
9.3	2.7	95.6251	0.2	250
9.3	2.75	98.8308	0.2	250
9.3	2.8	102.641	0.2	250
9.3	2.85	105.972	0.2	250
9.3	2.9	109.72	0.2	250
9.3	2.95	112.939	0.2	250
9.3	3	117.019	0.2	250
9.4	0.1	6.98376e-06	0.2	250
9.4	0.15	0.000213054	0.2	250
9.4	0.2	0.00381569	0.2	250
9.4	0.25	0.0639854	0.2	250
9.4	0.3	0.434026	0.2	250
9.4	0.35	2.75503	0.2	250
9.4	0.4	3.35462	0.2	250
9.4	0.45	7.6389	0.2	250
9.4	0.5	102.272	0.2	250
9.4	0.55	81.2961	0.2	250
9.4	0.6	61.0226	0.2	250
9.4	0.65	46.2138	0.2	250
9.4	0.7	35.4868	0.2	250
9.4	0.75	29.294	0.2	250
9.4	0.8	25.4672	0.2	250
9.4	0.85	23.5893	0.2	250
9.4	0.9	22.624	0.2	250
9.4	0.95	22.3472	0.2	250
9.4	1	19.8361	0.2	250
9.4	1.05	22.9353	0.2	250
9.4	1.1	23.6855	0.2	250
9.4	1.15	24.5508	0.2	250
9.4	1.2	25.616	0.2	250
9.4	1.25	26.7979	0.2	250
9.4	1.3	28.0327	0.2	250
9.4	1.35	29.4538	0.2	250
9.4	1.4	30.9772	0.2	250
9.4	1.45	32.5119	0.2	250
9.4	1.5	34.2088	0.2	250
9.4	1.55	35.9242	0.2	250
9.4	1.6	37.7843	0.2	250
9.4	1.65	39.7109	0.2	250
9.4	1.7	41.7158	0.2	250
9.4	1.75	43.7819	0.2	250
9.4	1.8	45.9018	0.2	250
9.4	1.85	48.0655	0.2	250
9.4	1.9	50.3061	0.2	250
9.4	1.95	52.7097	0.2	250
9.4	2	55.0027	0.2	250
9.4	2.05	57.5241	0.2	250
9.4	2.1	60.0954	0.2	250
9.4	2.15	62.6939	0.2	250
9.4	2.2	65.4057	0.2	250
9.4	2.25	67.9637	0.2	250
9.4	2.3	70.796	0.2	250
9.4	2.35	73.6482	0.2	250
9.4	2.4	76.6438	0.2	250
9.4	2.45	79.5	0.2	250
9.4	2.5	82.7012	0.2	250
9.4	2.55	85.8198	0.2	250
9.4	2.6	88.9931	0.2	250
9.4	2.65	92.4284	0.2	250
9.4	2.7	95.7057	0.2	250
9.4	2.75	98.7527	0.2	250
9.4	2.8	102.396	0.2	250
9.4	2.85	105.954	0.2	250
9.4	2.9	109.613	0.2	250
9.4	2.95	113.091	0.2	250
9.4	3	116.835	0.2	250
9.5	0.1	7.29274e-06	0.2	250
9.5	0.15	0.000221931	0.2	250
9.5	0.2	0.00403278	0.2	250
9.5	0.25	0.0678044	0.2	250
9.5	0.3	0.459896	0.2	250
9.5	0.35	2.72745	0.2	250
9.5	0.4	3.30339	0.2	250
9.5	0.45	8.17144	0.2	250
9.5	0.5	100.508	0.2	250
9.5	0.55	78.7012	0.2	250
9.5	0.6	58.708	0.2	250
9.5	0.65	43.9604	0.2	250
9.5	0.7	34.2347	0.2	250
9.5	0.75	28.1737	0.2	250
9.5	0.8	24.7748	0.2	250
9.5	0.85	22.965	0.2	250
9.5	0.9	22.1873	0.2	250
9.5	0.95	21.9823	0.2	1250
9.5	1	17.787	0.2	250
9.5	1.05	22.6956	0.2	250
9.5	1.1	23.4365	0.2	250
9.5	1.15	24.3388	0.2	250
9.5	1.2	25.4096	0.2	250
9.5	1.25	26.5936	0.2	250
9.5	1.3	27.9044	0.2	250
9.5	1.35	29.3033	0.2	250
9.5	1.4	30.8074	0.2	250
9.5	1.45	32.3928	0.2	250
9.5	1.5	34.064	0.2	250
9.5	1.55	35.8356	0.2	250
9.5	1.6	37.685	0.2	250
9.5	1.65	39.4722	0.2	250
9.5	1.7	41.5935	0.2	250
9.5	1.75	43.5831	0.2	250
9.5	1.8	45.7606	0.2	250
9.5	1.85	47.9653	0.2	250
9.5	1.9	50.2419	0.2	250
9.5	1.95	52.5665	0.2	250
9.5	2	54.8954	0.2	250
9.5	2.05	57.4768	0.2	250
9.5	2.1	59.8897	0.2	250
9.5	2.15	62.5967	0.2	250
9.5	2.2	65.1366	0.2	250
9.5	2.25	67.9872	0.2	250
9.5	2.3	70.8386	0.2	250
9.5	2.35	73.6269	0.2	250
9.5	2.4	76.3834	0.2	250
9.5	2.45	79.5021	0.2	250
9.5	2.5	82.6578	0.2	250
9.5	2.55	85.85	0.2	250
9.5	2.6	88.9366	0.2	250
9.5	2.65	92.1941	0.2	250
9.5	2.7	95.455	0.2	250
9.5	2.75	98.9798	0.2	250
9.5	2.8	102.488	0.2	250
9.5	2.85	105.817	0.2	250
9.5	2.9	109.427	0.2	250
9.5	2.95	113.183	0.2	250
9.5	3	116.574	0.2	250
9.6	0.1	7.60395e-06	0.2	250
9.6	0.15	0.000232852	0.2	250
9.6	0.2	0.00429338	0.2	250
9.6	0.25	0.0715789	0.2	250
9.6	0.3	0.488679	0.2	250
9.6	0.35	2.69877	0.2	250
9.6	0.4	3.30271	0.2	250
9.6	0.45	8.94008	0.2	250
9.6	0.5	95.4647	0.2	250
9.6	0.55	74.5497	0.2	250
9.6	0.6	55.8297	0.2	250
9.6	0.65	42.1674	0.2	250
9.6	0.7	32.5226	0.2	250
9.6	0.75	27.0913	0.2	250
9.6	0.8	23.9972	0.2	250
9.6	0.85	22.4306	0.2	250
9.6	0.9	21.7605	0.2	250
9.6	0.95	21.6272	0.2	1250
9.6	1	19.0582	0.2	250
9.6	1.05	22.4266	0.2	250
9.6	1.1	23.1844	0.2	250
9.6	1.15	24.1019	0.2	250
9.6	1.2	25.1728	0.2	250
9.6	1.25	26.4175	0.2	250
9.6	1.3	27.7339	0.2	250
9.6	1.35	29.1371	0.2	250
9.6	1.4	30.6671	0.2	250
9.6	1.45	32.1763	0.2	250
9.6	1.5	33.8996	0.2	250
9.6	1.55	35.7151	0.2	250
9.6	1.6	37.5167	0.2	250
9.6	1.65	39.4163	0.2	250
9.6	1.7	41.4504	0.2	250
9.6	1.75	43.5258	0.2	250
9.6	1.8	45.5636	0.2	250
9.6	1.85	47.8719	0.2	250
9.6	1.9	50.0755	0.2	250
9.6	1.95	52.491	0.2	250
9.6	2	54.6942	0.2	250
9.6	2.05	57.2564	0.2	250
9.6	2.1	59.8283	0.2	250
9.6	2.15	62.3357	0.2	250
9.6	2.2	65.177	0.2	250
9.6	2.25	67.9054	0.2	250
9.6	2.3	70.5864	0.2	250
9.6	2.35	73.5072	0.2	250
9.6	2.4	76.3733	0.2	250
9.6	2.45	79.439	0.2	250
9.6	2.5	82.6184	0.2	250
9.6	2.55	85.5783	0.2	250
9.6	2.6	88.7085	0.2	250
9.6	2.65	91.9897	0.2	250
9.6	2.7	95.339	0.2	250
9.6	2.75	98.8208	0.2	250
9.6	2.8	102.187	0.2	250
9.6	2.85	105.866	0.2	250
9.6	2.9	109.096	0.2	250
9.6	2.95	113	0.2	250
9.6	3	116.601	0.2	250
9.7	0.1	7.93177e-06	0.2	250
9.7	0.15	0.000243501	0.2	250
9.7	0.2	0.00453036	0.2	250
9.7	0.25	0.0747891	0.2	250
9.7	0.3	0.519207	0.2	250
9.7	0.35	2.67273	0.2	250
9.7	0.4	3.31658	0.2	250
9.7	0.45	9.76988	0.2	250
9.7	0.5	92.2393	0.2	250
9.7	0.55	72.2332	0.2	250
9.7	0.6	53.9102	0.2	250
9.7	0.65	40.3783	0.2	250
9.7	0.7	31.487	0.2	250
9.7	0.75	26.1813	0.2	250
9.7	0.8	23.3738	0.2	250
9.7	0.85	21.9303	0.2	250
9.7	0.9	21.3332	0.2	250
9.7	0.95	19.4047	0.2	250
9.7	1	18.1476	0.2	250
9.7	1.05	22.1482	0.2	250
9.7	1.1	22.9678	0.2	250
9.7	1.15	23.916	0.2	250
9.7	1.2	25.0207	0.2	250
9.7	1.25	26.2242	0.2	250
9.7	1.3	27.55	0.2	250
9.7	1.35	28.9749	0.2	250
9.7	1.4	30.4951	0.2	250
9.7	1.45	32.1096	0.2	250
9.7	1.5	33.7701	0.2	250
9.7	1.55	35.5591	0.2	250
9.7	1.6	37.3553	0.2	250
9.7	1.65	39.3074	0.2	250
9.7	1.7	41.2582	0.2	250
9.7	1.75	43.3924	0.2	250
9.7	1.8	45.5289	0.2	250
9.7	1.85	47.7122	0.2	250
9.7	1.9	49.9961	0.2	250
9.7	1.95	52.3135	0.2	250
9.7	2	54.7776	0.2	250
9.7	2.05	57.1829	0.2	250
9.7	2.1	59.7379	0.2	250
9.7	2.15	62.283	0.2	250
9.7	2.2	65.1003	0.2	250
9.7	2.25	67.7325	0.2	250
9.7	2.3	70.6343	0.2	250
9.7	2.35	73.428	0.2	250
9.7	2.4	76.241	0.2	250
9.7	2.45	79.3952	0.2	250
9.7	2.5	82.5311	0.2	250
9.7	2.55	85.4442	0.2	250
9.7	2.6	88.7575	0.2	250
9.7	2.65	92.0588	0.2	250
9.7	2.7	95.4942	0.2	250
9.7	2.75	98.6198	0.2	250
9.7	2.8	102.005	0.2	250
9.7	2.85	105.685	0.2	250
9.7	2.9	108.994	0.2	250
9.7	2.95	112.963	0.2	250
9.7	3	116.748	0.2	250
9.8	0.1	8.24697e-06	0.2	250
9.8	0.15	0.00025386	0.2	250
9.8	0.2	0.00475598	0.2	250
9.8	0.25	0.0785725	0.2	250
9.8	0.3	0.552666	0.2	250
9.8	0.35	2.6255	0.2	250
9.8	0.4	3.39143	0.2	250
9.8	0.45	10.9284	0.2	250
9.8	0.5	90.4058	0.2	250
9.8	0.55	69.5847	0.2	250
9.8	0.6	51.0434	0.2	250
9.8	0.65	38.5774	0.2	250
9.8	0.7	30.0109	0.2	250
9.8	0.75	25.2814	0.2	250
9.8	0.8	22.7133	0.2	250
9.8	0.85	21.4327	0.2	250
9.8	0.9	20.9363	0.2	250
9.8	0.95	17.8269	0.2	250
9.8	1	21.2555	0.2	1250
9.8	1.05	21.9252	0.2	250
9.8	1.1	22.7194	0.2	250
9.8	1.15	23.7173	0.2	250
9.8	1.2	24.8122	0.2	250
9.8	1.25	26.0397	0.2	250
9.8	1.3	27.3878	0.2	250
9.8	1.35	28.8172	0.2	250
9.8	1.4	30.3064	0.2	250
9.8	1.45	31.9262	0.2	250
9.8	1.5	33.5348	0.2	250
9.8	1.55	35.4132	0.2	250
9.8	1.6	37.2327	0.2	250
9.8	1.65	39.1159	0.2	250
9.8	1.7	41.2187	0.2	250
9.8	1.75	43.23	0.2	250
9.8	1.8	45.3417	0.2	250
9.8	1.85	47.6013	0.2	250
9.8	1.9	49.9274	0.2	250
9.8	1.95	52.2698	0.2	250
9.8	2	54.6716	0.2	250
9.8	2.05	57.0388	0.2	250
9.8	2.1	59.6844	0.2	250
9.8	2.15	62.2974	0.2	250
9.8	2.2	65.0152	0.2	250
9.8	2.25	67.6412	0.2	250
9.8	2.3	70.4846	0.2	250
9.8	2.35	73.3033	0.2	250
9.8	2.4	76.1426	0.2	250
9.8	2.45	79.2751	0.2	250
9.8	2.5	82.3343	0.2	250
9.8	2.55	85.526	0.2	250
9.8	2.6	88.5672	0.2	250
9.8	2.65	92.057	0.2	250
9.8	2.7	95.2435	0.2	250
9.8	2.75	98.6487	0.2	250
9.8	2.8	102.141	0.2	250
9.8	2.85	105.587	0.2	250
9.8	2.9	109.276	0.2	250
9.8	2.95	112.724	0.2	250
9.8	3	116.468	0.2	250
9.9	0.1	8.5948e-06	0.2	250
9.9	0.15	0.000266034	0.2	250
9.9	0.2	0.00503697	0.2	250
9.9	0.25	0.0820531	0.2	250
9.9	0.3	0.589893	0.2	250
9.9	0.35	2.57382	0.2	250
9.9	0.4	3.42886	0.2	250
9.9	0.45	12.33	0.2	250
9.9	0.5	86.5478	0.2	250
9.9	0.55	66.4747	0.2	250
9.9	0.6	49.3725	0.2	250
9.9	0.65	36.7713	0.2	250
9.9	0.7	28.904	0.2	250
9.9	0.75	24.5159	0.2	250
9.9	0.8	22.1183	0.2	250
9.9	0.85	21.0009	0.2	250
9.9	0.9	20.5673	0.2	250
9.9	0.95	16.761	0.2	250
9.9	1	21.1126	0.2	250
9.9	1.05	21.6833	0.2	250
9.9	1.1	22.5384	0.2	250
9.9	1.15	23.4979	0.2	250
9.9	1.2	24.66	0.2	250
9.9	1.25	25.8622	0.2	250
9.9	1.3	27.211	0.2	250
9.9	1.35	28.6735	0.2	250
9.9	1.4	30.2281	0.2	250
9.9	1.45	31.7831	0.2	250
9.9	1.5	33.5054	0.2	250
9.9	1.55	35.2941	0.2	250
9.9	1.6	37.1141	0.2	250
9.9	1.65	39.1005	0.2	250
9.9	1.7	41.1015	0.2	250
9.9	1.75	43.1258	0.2	250
9.9	1.8	45.3106	0.2	250
9.9	1.85	47.5351	0.2	250
9.9	1.9	49.7961	0.2	250
9.9	1.95	52.1739	0.2	250
9.9	2	54.5647	0.2	250
9.9	2.05	57.0221	0.2	250
9.9	2.1	59.4356	0.2	250
9.9	2.15	62.2141	0.2	250
9.9	2.2	64.8639	0.2	250
9.9	2.25	67.615	0.2	250
9.9	2.3	70.3804	0.2	250
9.9	2.35	73.3515	0.2	250
9.9	2.4	76.2972	0.2	250
9.9	2.45	79.0983	0.2	250
9.9	2.5	82.1821	0.2	250
9.9	2.55	85.524	0.2	250
9.9	2.6	88.6639	0.2	250
9.9	2.65	91.7733	0.2	250
9.9	2.7	95.0682	0.2	250
9.9	2.75	98.377	0.2	250
9.9	2.8	102.061	0.2	250
9.9	2.85	105.192	0.2	250
9.9	2.9	109.145	0.2	250
9.9	2.95	112.824	0.2	250
9.9	3	116.515	0.2	250
