-535.997	12.3397	-5.24781	4.01418	1910.92	0.2	300
-535.974	12.2106	-5.91619	4.01599	1871.28	0.2	300
-535.955	12.0895	-6.50073	4.01757	1853.95	0.2	300
-535.935	11.9567	-7.10634	4.01921	1797.42	0.2	300
-535.916	11.8119	-7.73545	4.02091	1754.88	0.2	300
-535.899	11.674	-8.31141	4.02246	1721.71	0.2	300
-535.881	11.526	-8.91025	4.02408	1685.5	0.2	300
-535.864	11.3675	-9.53483	4.02577	1640.7	0.2	300
-535.849	11.2192	-10.1075	4.02732	1598.2	0.2	300
-535.834	11.0621	-10.7053	4.02893	1554.07	0.2	300
-535.819	10.8958	-11.3318	4.03063	1508.84	0.2	300
-535.806	10.7418	-11.908	4.03218	1467.4	0.2	300
-535.792	10.5801	-12.5124	4.03382	1421.42	0.2	300
-535.779	10.4101	-13.1486	4.03554	1371.77	0.2	300
-535.768	10.254	-13.7361	4.03712	1328.56	0.2	300
-535.756	10.0908	-14.355	4.0388	1296.47	0.2	300
-535.744	9.92028	-15.0094	4.04057	1247.35	0.2	300
-535.734	9.7644	-15.6161	4.04221	1208.49	0.2	300
-535.724	9.60217	-16.2578	4.04394	1169.26	0.2	300
-535.714	9.43321	-16.9393	4.04578	1135.62	0.2	300
-535.705	9.27931	-17.5733	4.0475	1097.97	0.2	300
-535.696	9.11958	-18.2465	4.04931	1060.62	0.2	300
-535.687	8.95366	-18.964	4.05125	1025	0.2	300
-535.679	8.80294	-19.6336	4.05306	991.406	0.2	300
-535.671	8.64681	-20.347	4.05499	957.274	0.2	300
-535.664	8.48493	-21.1098	4.05705	918.464	0.2	300
-535.657	8.33819	-21.8236	4.05898	884.911	0.2	300
-535.65	8.18641	-22.5862	4.06104	854.543	0.2	300
-535.643	8.02923	-23.4041	4.06325	827.976	0.2	300
-535.637	7.88703	-24.1709	4.06533	794.667	0.2	300
-535.631	7.74008	-24.9922	4.06755	770.768	0.2	300
-535.625	7.58804	-25.8753	4.06993	738.008	0.2	300
-535.62	7.45071	-26.7045	4.07217	714.868	0.2	300
-535.615	7.3089	-27.5945	4.07458	686.136	0.2	300
-535.609	7.16226	-28.5538	4.07717	662.743	0.2	300
-535.605	7.03002	-29.4554	4.07961	639.187	0.2	300
-535.6	6.89352	-30.4251	4.08223	613.875	0.2	300
-535.596	6.75243	-31.4723	4.08506	590.259	0.2	300
-535.592	6.62539	-32.4572	4.08772	567.721	0.2	300
-535.588	6.49428	-33.5184	4.09059	546.751	0.2	300
-535.584	6.35879	-34.6665	4.09369	525.192	0.2	300
-535.58	6.23765	-35.7405	4.0966	506.502	0.2	300
-535.577	6.11268	-36.8991	4.09973	487.858	0.2	300
-535.573	5.98356	-38.154	4.10312	468.454	0.2	300
-535.571	5.87171	-39.2922	4.1062	450.8	0.2	300
-535.568	5.75644	-40.5184	4.10951	434.398	0.2	300
-535.565	5.63749	-41.8444	4.11309	418.121	0.2	300
-535.562	5.53391	-43.0528	4.11636	403.586	0.2	300
-535.56	5.42727	-44.353	4.11987	388.289	0.2	300
-535.557	5.31733	-45.7569	4.12367	373.692	0.2	300
-535.555	5.22121	-47.0408	4.12714	361.125	0.2	300
-535.553	5.12234	-48.4204	4.13087	348.44	0.2	300
-535.551	5.0205	-49.908	4.13489	335.614	0.2	300
-535.55	4.93115	-51.2725	4.13857	324.858	0.2	300
-535.548	4.8393	-52.7368	4.14253	313.717	0.2	300
-535.546	4.74477	-54.3135	4.14679	302.42	0.2	300
-535.544	4.66158	-55.7635	4.15071	292.054	0.2	300
-535.543	4.57611	-57.3177	4.15491	282.338	0.2	300
-535.541	4.48821	-58.989	4.15943	272.696	0.2	300
-535.54	4.41062	-60.5294	4.16359	264.324	0.2	300
-535.539	4.33096	-62.1785	4.16805	255.655	0.2	300
-535.538	4.24909	-63.9497	4.17284	246.93	0.2	300
-535.536	4.17663	-65.5854	4.17726	239.036	0.2	300
-535.535	4.10228	-67.3346	4.18199	231.612	0.2	300
-535.534	4.02591	-69.2109	4.18706	223.818	0.2	300
-535.533	3.95815	-70.947	4.19175	217.411	0.2	300
-535.532	3.88866	-72.8015	4.19676	210.574	0.2	300
-535.531	3.81731	-74.7883	4.20213	203.83	0.2	300
-535.53	3.75387	-76.6296	4.20711	197.882	0.2	300
-535.53	3.68884	-78.5946	4.21242	192.035	0.2	300
-535.529	3.6221	-80.6973	4.2181	186.025	0.2	300
-535.528	3.56263	-82.6491	4.22338	180.568	0.2	300
-535.527	3.50169	-84.7298	4.229	175.539	0.2	300
-535.527	3.43918	-86.9538	4.23501	170.072	0.2	300
-535.526	3.38337	-89.0213	4.2406	165.534	0.2	300
-535.525	3.3262	-91.2231	4.24655	160.833	0.2	300
-535.525	3.26759	-93.574	4.2529	156.066	0.2	300
-535.524	3.21515	-95.7624	4.25882	151.877	0.2	300
-535.524	3.16146	-98.0908	4.26511	147.882	0.2	300
-535.523	3.10643	-100.574	4.27182	143.73	0.2	300
-535.523	3.05711	-102.889	4.27808	139.746	0.2	300
-535.522	3.00663	-105.35	4.28473	136.373	0.2	300
-535.522	2.95492	-107.971	4.29181	132.586	0.2	300
-535.521	2.90849	-110.418	4.29843	129.27	0.2	300
-535.521	2.86098	-113.016	4.30545	126.098	0.2	300
-535.52	2.81233	-115.782	4.31292	122.679	0.2	300
-535.52	2.76857	-118.366	4.31991	119.946	0.2	300
-535.52	2.72381	-121.108	4.32732	117.225	0.2	300
-535.519	2.67799	-124.024	4.3352	114.278	0.2	300
-535.519	2.63671	-126.751	4.34257	111.724	0.2	300
-535.519	2.59451	-129.643	4.35039	109.156	0.2	300
-535.518	2.55132	-132.715	4.35869	106.614	0.2	300
-535.518	2.51234	-135.591	4.36646	104.386	0.2	300
-535.518	2.47251	-138.638	4.3747	102.169	0.2	300
-535.517	2.43176	-141.872	4.38344	99.8982	0.2	300
-535.517	2.39004	-145.313	4.39274	97.6551	0.2	300
-535.517	2.35396	-148.401	4.40108	95.7784	0.2	300
-535.517	2.3171	-151.668	4.40991	93.8851	0.2	300
-535.516	2.27942	-155.132	4.41928	92.0654	0.2	300
-535.516	2.24085	-158.812	4.42922	90.2782	0.2	300
-535.516	2.20739	-162.123	4.43817	88.6553	0.2	300
-535.516	2.17322	-165.623	4.44763	87.1339	0.2	300
-535.515	2.13829	-169.329	4.45765	85.6257	0.2	300
-535.515	2.10257	-173.262	4.46828	84.0994	0.2	300
-535.515	2.07149	-176.808	4.47786	82.889	0.2	300
-535.515	2.03976	-180.551	4.48798	81.6271	0.2	300
-535.515	2.00734	-184.511	4.49868	80.479	0.2	300
-535.514	1.9742	-188.708	4.51002	88.4159	0.2	300
-535.514	1.94528	-192.499	4.52027	109.875	0.2	300
-535.514	1.91578	-196.498	4.53107	130.88	0.2	300
-535.514	1.88565	-200.722	4.54249	152.674	0.2	300
-535.514	1.85486	-205.195	4.55458	174.986	0.2	300
-535.514	1.82792	-209.243	4.56552	194.327	0.2	300
-535.514	1.80045	-213.507	4.57705	214.043	0.2	300
-535.513	1.7724	-218.009	4.58921	234.801	0.2	300
-535.513	1.74375	-222.768	4.60208	255.858	0.2	300
-535.513	1.71863	-227.083	4.61374	273.694	0.2	300
-535.513	1.69301	-231.624	4.62601	293.064	0.2	300
-535.513	1.66688	-236.412	4.63895	311.854	0.2	300
-535.513	1.64019	-241.469	4.65262	332.449	0.2	300
-535.513	1.61673	-246.061	4.66503	352.372	0.2	300
-535.513	1.59282	-250.889	4.67808	71.6233	0.2	300
-535.513	1.56843	-255.974	4.69182	71.6095	0.2	300
-535.513	1.54354	-261.338	4.70632	71.8139	0.2	300
-535.512	1.5216	-266.216	4.7195	72.029	0.2	300
-535.512	1.49926	-271.341	4.73335	72.3122	0.2	300
-535.512	1.47647	-276.731	4.74792	72.7218	0.2	300
-535.512	1.45323	-282.411	4.76327	73.3028	0.2	300
-535.512	1.43271	-287.584	4.77725	73.8285	0.2	300
-535.512	1.4118	-293.012	4.79192	74.6552	0.2	300
-535.512	1.3905	-298.716	4.80734	75.3315	0.2	300
-535.512	1.36877	-304.719	4.82356	76.4202	0.2	300
-535.512	1.34955	-310.193	4.83836	77.4478	0.2	300
-535.512	1.32998	-315.931	4.85387	78.6039	0.2	300
-535.512	1.31004	-321.953	4.87014	80.3573	0.2	300
-535.512	1.28971	-328.283	4.88725	81.9724	0.2	300
-535.512	1.27169	-334.063	4.90287	83.6024	0.2	300
-535.512	1.25335	-340.114	4.91923	84.9159	0.2	300
-535.512	1.23467	-346.458	4.93637	87.0915	0.2	300
-535.511	1.21564	-353.118	4.95437	89.2501	0.2	300
-535.511	1.19873	-359.204	4.97082	91.3847	0.2	300
-535.511	1.18154	-365.57	4.98803	94.0649	0.2	300
-535.511	1.16403	-372.234	5.00604	96.33	0.2	300
-535.511	1.1462	-379.221	5.02492	99.8078	0.2	300
-535.511	1.13033	-385.613	5.0422	102.52	0.2	300
-535.511	1.11419	-392.289	5.06024	105.829	0.2	300
-535.511	1.09777	-399.269	5.07911	108.286	0.2	300
-535.511	1.08106	-406.577	5.09886	111.66	0.2	300
-535.511	1.06616	-413.267	5.11694	116.062	0.2	300
-535.511	1.05101	-420.245	5.1358	119.774	0.2	300
-535.511	1.0356	-427.531	5.15549	122.625	0.2	300
-535.511	1.01993	-435.147	5.17607	127.885	0.2	300
-535.511	1.00593	-442.123	5.19493	130.604	0.2	300
-535.511	0.991705	-449.39	5.21457	134.258	0.2	300
-535.511	0.977244	-456.965	5.23504	140.31	0.2	300
-535.511	0.962536	-464.869	5.2564	145.217	0.2	300
-535.511	0.949383	-472.114	5.27598	149.052	0.2	300
-535.511	0.936022	-479.647	5.29634	153.612	0.2	300
-535.511	0.922445	-487.487	5.31753	158.578	0.2	300
-535.511	0.908644	-495.652	5.3396	163.895	0.2	300
-535.511	0.896279	-503.139	5.35984	167.183	0.2	300
-535.511	0.883724	-510.911	5.38084	174.599	0.2	300
-535.511	0.870974	-518.982	5.40266	179.393	0.2	300
-535.511	0.85802	-527.372	5.42533	185.552	0.2	300
-535.511	0.844854	-536.096	5.44891	190.092	0.2	300
-535.511	0.83342	-543.839	5.46983	196.561	0.2	300
-535.511	0.82182	-551.853	5.4915	203.447	0.2	300
-535.511	0.810046	-560.154	5.51393	209.045	0.2	300
-535.51	0.798094	-568.753	5.53717	215.576	0.2	300
-535.51	0.785956	-577.667	5.56126	222.689	0.2	300
-535.51	0.775362	-585.597	5.58269	228.318	0.2	300
-535.51	0.764622	-593.779	5.60481	233.154	0.2	300
-535.51	0.75373	-602.224	5.62763	238.937	0.2	300
-535.51	0.742682	-610.941	5.65119	247.671	0.2	300
-535.51	0.731472	-619.939	5.67551	255.767	0.2	300
-535.51	0.721627	-627.969	5.69721	263.655	0.2	300
-535.51	0.711652	-636.223	5.71952	265.29	0.2	300
-535.51	0.701546	-644.705	5.74245	272.064	0.2	300
-535.51	0.691304	-653.419	5.766	283.826	0.2	300
-535.51	0.680922	-662.368	5.79019	287.161	0.2	300
-535.51	0.671709	-670.404	5.8119	294.252	0.2	300
-535.51	0.662384	-678.621	5.83411	307.013	0.2	300
-535.51	0.652944	-687.018	5.8568	308.663	0.2	300
-535.51	0.643387	-695.591	5.87998	314.899	0.2	300
-535.51	0.63371	-704.335	5.90361	30.6129	0.2	300
-535.51	0.623911	-713.243	5.92768	22.4679	0.2	300
-535.51	0.615219	-721.175	5.94912	18.7528	0.2	300
-535.51	0.60643	-729.213	5.97085	16.2103	0.2	300
-535.51	0.597543	-737.342	5.99282	14.2642	0.2	300
-535.51	0.588557	-745.545	6.01499	12.8423	0.2	300
-535.51	0.579472	-753.801	6.0373	11.692	0.2	300
-535.51	0.570286	-762.081	6.05968	10.9723	0.2	300
-535.51	0.561	-770.351	6.08203	10.2004	0.2	300
-535.51	0.551613	-778.57	6.10424	9.85821	0.2	300
-535.51	0.541987	-786.806	6.1265	9.45883	0.2	300
-535.51	0.530835	-796.026	6.15142	9.26115	0.2	300
-535.51	0.522372	-802.732	6.16955	9.28796	0.2	300
-535.51	0.51384	-809.177	6.18697	9.44512	0.2	300
-535.51	0.507014	-814.062	6.20017	9.59779	0.2	300
-535.51	0.500149	-818.692	6.21268	9.79209	0.2	300
-535.51	0.49415	-822.469	6.22289	9.97638	0.2	300
-535.51	0.488125	-825.978	6.23237	10.1593	0.2	300
-535.51	0.482075	-829.177	6.24102	10.3772	0.2	300
-535.51	0.476925	-831.613	6.2476	10.5248	0.2	300
-535.51	0.471761	-833.76	6.25341	10.6281	0.2	300
-535.51	0.466584	-835.583	6.25833	10.6458	0.2	300
-535.51	0.462025	-836.888	6.26186	10.5475	0.2	300
-535.51	0.45746	-837.885	6.26455	10.3259	0.2	300
-535.51	0.45289	-838.543	6.26633	9.93362	0.2	300
-535.51	0.448318	-838.829	6.2671	9.32401	0.2	300
-535.51	0.444366	-838.749	6.26689	8.65306	0.2	300
-535.51	0.440414	-838.339	6.26578	7.84963	0.2	300
-535.51	0.436465	-837.573	6.26371	6.88567	0.2	300
-535.51	0.432521	-836.424	6.2606	5.93758	0.2	300
-535.51	0.428583	-834.86	6.25638	5.0467	0.2	300
-535.51	0.425206	-833.161	6.25179	4.34776	0.2	300
-535.51	0.421836	-831.112	6.24625	3.73023	0.2	300
-535.51	0.418475	-828.69	6.2397	3.22194	0.2	300
-535.51	0.415124	-825.871	6.23209	2.79136	0.2	300
-535.51	0.411786	-822.633	6.22333	2.43424	0.2	300
-535.51	0.408851	-819.405	6.21461	2.16985	0.2	300
-535.51	0.405928	-815.812	6.2049	1.94925	0.2	300
-535.51	0.403019	-811.835	6.19415	1.76188	0.2	300
-535.51	0.400124	-807.456	6.18231	1.60398	0.2	300
-535.51	0.397246	-802.654	6.16934	1.47068	0.2	300
-535.51	0.394386	-797.41	6.15516	1.35826	0.2	300
-535.51	0.391878	-792.397	6.14161	1.27367	0.2	300
-535.51	0.389387	-787.01	6.12705	1.20089	0.2	300
-535.51	0.386912	-781.234	6.11144	1.13811	0.2	300
-535.51	0.384457	-775.055	6.09474	1.08404	0.2	300
-535.51	0.382022	-768.457	6.07691	1.03551	0.2	300
-535.51	0.379609	-761.428	6.05791	0.993781	0.2	300
-535.51	0.377218	-753.952	6.03771	0.956843	0.2	300
-535.51	0.374851	-746.015	6.01626	0.921581	0.2	300
-535.51	0.372796	-738.659	5.99638	0.889541	0.2	300
-535.51	0.370761	-730.928	5.97548	0.860539	0.2	300
-535.51	0.368748	-722.815	5.95355	0.825781	0.2	300
-535.51	0.366757	-714.31	5.93057	0.78928	0.2	300
-535.51	0.364792	-705.406	5.9065	0.750861	0.2	300
-535.51	0.362851	-696.096	5.88134	0.710099	0.2	300
-535.51	0.360936	-686.373	5.85506	0.66523	0.2	300
-535.51	0.35905	-676.231	5.82765	0.616296	0.2	300
-535.51	0.357191	-665.665	5.7991	0.568431	0.2	300
-535.51	0.355363	-654.671	5.76938	0.519117	0.2	300
-535.51	0.353566	-643.245	5.7385	0.471833	0.2	300
-535.51	0.351801	-631.384	5.70644	0.42342	0.2	300
-535.51	0.350069	-619.088	5.67321	0.381893	0.2	300
-535.51	0.348372	-606.357	5.6388	0.342458	0.2	300
-535.51	0.346909	-594.804	5.60758	0.310981	0.2	300
-535.51	0.345476	-582.918	5.57545	0.28294	0.2	300
-535.51	0.344071	-570.7	5.54243	0.258385	0.2	300
-535.51	0.342696	-558.155	5.50853	0.23643	0.2	300
-535.51	0.341353	-545.288	5.47375	0.217166	0.2	300
-535.51	0.340041	-532.104	5.43812	0.200219	0.2	300
-535.51	0.338762	-518.609	5.40165	0.185368	0.2	300
-535.51	0.337516	-504.812	5.36436	0.172201	0.2	300
-535.51	0.336303	-490.722	5.32628	0.160495	0.2	300
-535.51	0.335126	-476.348	5.28743	0.149959	0.2	300
-535.51	0.333984	-461.702	5.24784	0.140299	0.2	300
-535.51	0.332878	-446.796	5.20756	0.131377	0.2	300
-535.51	0.331808	-431.644	5.1666	0.122819	0.2	300
-535.51	0.330755	-415.939	5.12416	0.114635	0.2	300
-535.51	0.329723	-399.718	5.08032	0.106501	0.2	300
-535.51	0.328711	-382.922	5.03492	0.0986092	0.2	300
-535.51	0.327716	-365.448	4.9877	0.0899569	0.2	300
-535.51	0.326735	-347.132	4.93819	0.081928	0.2	300
-535.51	0.325757	-327.684	4.88563	0.0742365	0.2	300
-535.51	0.324765	-306.498	4.82837	0.0664943	0.2	300
-535.51	0.32369	-281.581	4.76103	0.0579974	0.2	300
-535.51	0.322817	-259.474	4.70128	0.0517171	0.2	300
-535.51	0.322015	-237.329	4.64143	0.046355	0.2	300
-535.51	0.321383	-218.304	4.59001	0.0423198	0.2	300
-535.51	0.320804	-199.325	4.53872	0.0389796	0.2	300
-535.51	0.320277	-180.427	4.48764	0.0357223	0.2	300
-535.51	0.319803	-161.643	4.43687	0.0331342	0.2	300
-535.51	0.31938	-143.007	4.38651	0.0307003	0.2	300
-535.51	0.319009	-124.552	4.33663	0.0284314	0.2	300
-535.51	0.318726	-108.555	4.29339	0.0267173	0.2	300
-535.51	0.318481	-92.7401	4.25065	0.024899	0.2	300
-535.51	0.318274	-77.1284	4.20846	0.0235003	0.2	300
-535.51	0.318106	-61.7381	4.16686	0.022119	0.2	300
-535.51	0.317974	-46.5866	4.12591	0.0206698	0.2	300
-535.51	0.317879	-31.6905	4.08565	0.0194746	0.2	300
-535.51	0.31782	-17.065	4.04612	0.0184275	0.2	300
-535.51	0.317796	-2.56296	4.00693	0.017361	0.2	300
-535.51	0.317808	11.914	3.9678	0.0164364	0.2	300
-535.51	0.317857	26.4493	3.92852	0.015536	0.2	300
-535.51	0.317948	41.1632	3.88875	0.014636	0.2	300
-535.51	0.318085	56.2686	3.84792	0.0139056	0.2	300
-535.51	0.318284	72.25	3.80473	0.0131457	0.2	300
-535.51	0.318595	91.1894	3.75354	0.012349	0.2	300
-535.51	0.318888	105.386	3.71517	0.0117899	0.2	300
-535.51	0.319221	119.056	3.67823	0.0112965	0.2	300
-535.51	0.319546	130.568	3.64711	0.0109457	0.2	300
-535.51	0.319899	141.678	3.61709	0.0106537	0.2	300
-535.51	0.320281	152.39	3.58814	0.0103692	0.2	300
-535.51	0.320691	162.705	3.56026	0.010081	0.2	300
-535.51	0.321126	172.629	3.53344	0.00989762	0.2	300
-535.51	0.321531	181.057	3.51066	0.00968831	0.2	300
-535.51	0.321955	189.189	3.48868	0.00953767	0.2	300
-535.51	0.322398	197.031	3.46748	0.00940631	0.2	300
-535.51	0.322858	204.588	3.44706	0.00929633	0.2	300
-535.51	0.323334	211.865	3.42739	0.00924692	0.2	300
-535.51	0.323828	218.869	3.40846	0.00912562	0.2	300
-535.51	0.324337	225.606	3.39025	0.00907491	0.2	300
-535.51	0.324861	232.082	3.37275	0.00902651	0.2	300
-535.51	0.325399	238.304	3.35594	0.00904055	0.2	300
-535.51	0.325952	244.279	3.33979	0.00897815	0.2	300
-535.51	0.326518	250.014	3.32429	0.00901998	0.2	300
-535.51	0.327097	255.516	3.30942	0.00904285	0.2	300
-535.51	0.327688	260.792	3.29516	0.00901695	0.2	300
-535.51	0.328291	265.849	3.28149	0.0091061	0.2	300
-535.51	0.328905	270.695	3.26839	0.00911063	0.2	300
-535.51	0.329531	275.336	3.25585	0.00922843	0.2	300
-535.51	0.330166	279.779	3.24384	0.0093199	0.2	300
-535.51	0.330812	284.032	3.23235	0.00937181	0.2	300
-535.51	0.331467	288.1	3.22135	0.00951286	0.2	300
-535.51	0.332131	291.991	3.21083	0.00958405	0.2	300
-535.51	0.332804	295.712	3.20078	0.00971993	0.2	300
-535.51	0.333485	299.268	3.19117	0.00992326	0.2	300
-535.51	0.334174	302.666	3.18198	0.010083	0.2	300
-535.51	0.334871	305.911	3.17321	0.0101917	0.2	300
-535.51	0.335575	309.011	3.16483	0.0103773	0.2	300
-535.51	0.336298	312.019	3.15671	0.0105808	0.2	300
-535.51	0.337036	314.917	3.14887	0.0108615	0.2	300
-535.51	0.337781	317.679	3.14141	0.0110343	0.2	300
-535.51	0.338546	320.359	3.13416	0.0113589	0.2	300
-535.51	0.339326	322.94	3.12719	0.0116346	0.2	300
-535.51	0.340122	325.42	3.12049	0.0118563	0.2	300
-535.51	0.340933	327.802	3.11405	0.0122406	0.2	300
-535.51	0.34176	330.088	3.10787	0.0125107	0.2	300
-535.51	0.342603	332.282	3.10194	0.012937	0.2	300
-535.51	0.343462	334.385	3.09626	0.0132636	0.2	300
-535.51	0.344338	336.399	3.09081	0.0136804	0.2	300
-535.51	0.345231	338.327	3.0856	0.0142061	0.2	300
-535.51	0.346141	340.171	3.08062	0.0146824	0.2	300
-535.51	0.347069	341.933	3.07586	0.0151941	0.2	300
-535.51	0.348015	343.614	3.07131	0.0156659	0.2	300
-535.51	0.348981	345.217	3.06698	0.0163184	0.2	300
-535.51	0.349965	346.743	3.06286	0.0168686	0.2	300
-535.51	0.35097	348.193	3.05894	0.0175847	0.2	300
-535.51	0.351994	349.57	3.05522	0.0182594	0.2	300
-535.51	0.35304	350.875	3.05169	0.0190158	0.2	300
-535.51	0.354107	352.108	3.04836	0.0199144	0.2	300
-535.51	0.355196	353.272	3.04521	0.0207763	0.2	300
-535.51	0.356308	354.369	3.04225	0.0216514	0.2	300
-535.51	0.357443	355.398	3.03947	0.0226634	0.2	300
-535.51	0.358602	356.361	3.03686	0.0238258	0.2	300
-535.51	0.359786	357.26	3.03443	0.0249763	0.2	300
-535.51	0.360995	358.095	3.03218	0.0262352	0.2	300
-535.51	0.362231	358.867	3.03009	0.0274907	0.2	300
-535.51	0.363493	359.578	3.02817	0.0289394	0.2	300
-535.51	0.364784	360.227	3.02641	0.0304936	0.2	300
-535.51	0.366104	360.817	3.02482	0.032178	0.2	300
-535.51	0.367453	361.347	3.02339	0.0340078	0.2	300
-535.51	0.368833	361.819	3.02211	0.0360583	0.2	300
-535.51	0.370245	362.233	3.02099	0.0381253	0.2	300
-535.51	0.37169	362.589	3.02003	0.0405442	0.2	300
-535.51	0.373169	362.889	3.01922	0.0430107	0.2	300
-535.51	0.374683	363.132	3.01856	0.0457949	0.2	300
-535.51	0.376234	363.319	3.01806	0.0488505	0.2	300
-535.51	0.377822	363.451	3.0177	0.0522089	0.2	300
-535.51	0.379449	363.527	3.0175	0.0559879	0.2	300
-535.51	0.381117	363.548	3.01744	0.0601533	0.2	300
-535.51	0.382827	363.514	3.01753	0.0646693	0.2	300
-535.51	0.384581	363.425	3.01777	0.0696795	0.2	300
-535.51	0.38638	363.282	3.01816	0.0749969	0.2	300
-535.51	0.388227	363.083	3.01869	0.0810843	0.2	300
-535.51	0.390122	362.83	3.01938	0.0877714	0.2	300
-535.51	0.392068	362.522	3.02021	0.0951684	0.2	300
-535.51	0.394067	362.158	3.02119	0.103502	0.2	300
-535.51	0.396122	361.739	3.02233	0.112822	0.2	300
-535.51	0.398233	361.264	3.02361	0.122691	0.2	300
-535.509	0.400405	360.733	3.02505	0.133403	0.2	300
-535.509	0.40264	360.144	3.02664	0.144351	0.2	300
-535.509	0.40494	359.498	3.02838	0.157716	0.2	300
-535.509	0.407309	358.794	3.03029	0.170596	0.2	300
-535.509	0.409748	358.03	3.03235	0.186075	0.2	300
-535.509	0.412263	357.206	3.03458	0.201468	0.2	300
-535.509	0.414857	356.322	3.03697	0.219555	0.2	300
-535.509	0.417532	355.374	3.03953	0.238731	0.2	300
-535.509	0.420295	354.363	3.04226	0.2601	0.2	300
-535.509	0.423148	353.287	3.04517	0.284558	0.2	300
-535.509	0.426097	352.145	3.04826	0.313305	0.2	300
-535.509	0.429148	350.933	3.05153	0.346252	0.2	300
-535.509	0.432305	349.652	3.055	0.385486	0.2	300
-535.509	0.435576	348.297	3.05866	0.433405	0.2	300
-535.509	0.438967	346.867	3.06252	0.490107	0.2	300
-535.509	0.442486	345.359	3.0666	0.556891	0.2	300
-535.509	0.446141	343.769	3.0709	0.637694	0.2	300
-535.509	0.449943	342.094	3.07542	0.732343	0.2	300
-535.509	0.453903	340.33	3.08019	0.842269	0.2	300
-535.509	0.458034	338.471	3.08521	0.959156	0.2	300
-535.509	0.46235	336.512	3.09051	1.08599	0.2	300
-535.509	0.46687	334.445	3.09609	1.20974	0.2	300
-535.509	0.471617	332.263	3.10199	1.32775	0.2	300
-535.509	0.476617	329.952	3.10824	1.44542	0.2	300
-535.509	0.481907	327.499	3.11487	1.56573	0.2	300
-535.509	0.487538	324.882	3.12194	1.70425	0.2	300
-535.509	0.493583	322.069	3.12954	1.89133	0.2	300
-535.509	0.500163	319.01	3.13781	2.15767	0.2	300
-535.509	0.507515	315.598	3.14703	2.60072	0.2	300
-535.509	0.516346	311.515	3.15807	3.4367	0.2	300
-535.509	0.525241	307.429	3.16911	4.76203	0.2	300
-535.509	0.53402	303.427	3.17993	6.51101	0.2	300
-535.509	0.542685	299.511	3.19051	8.14882	0.2	300
-535.509	0.551238	295.684	3.20085	9.11899	0.2	300
-535.509	0.559683	291.945	3.21096	9.47766	0.2	300
-535.509	0.568021	288.294	3.22083	9.49402	0.2	300
-535.509	0.576256	284.731	3.23046	9.3368	0.2	300
-535.509	0.58439	281.254	3.23985	9.21376	0.2	300
-535.509	0.592425	277.862	3.24902	9.22405	0.2	300
-535.509	0.600364	274.553	3.25797	9.47131	0.2	300
-535.509	0.608208	271.325	3.26669	10.0329	0.2	300
-535.509	0.615962	268.177	3.2752	11.0479	0.2	300
-535.509	0.623758	265.054	3.28364	12.8209	0.2	300
-535.509	0.631622	261.946	3.29204	16.1209	0.2	300
-535.509	0.639561	258.853	3.3004	24.2524	0.2	300
-535.509	0.647579	255.774	3.30872	69.3955	0.2	300
-535.509	0.655679	252.709	3.317	83.4958	0.2	300
-535.509	0.663866	249.658	3.32525	86.995	0.2	300
-535.509	0.672142	246.621	3.33346	86.9047	0.2	300
-535.509	0.68051	243.599	3.34163	84.8066	0.2	300
-535.509	0.688972	240.591	3.34975	81.5825	0.2	300
-535.508	0.697532	237.598	3.35784	77.8008	0.2	300
-535.508	0.706192	234.62	3.36589	73.4267	0.2	300
-535.508	0.714954	231.658	3.3739	69.239	0.2	300
-535.508	0.723822	228.711	3.38186	64.7988	0.2	300
-535.508	0.732797	225.78	3.38978	60.7213	0.2	300
-535.508	0.741883	222.866	3.39766	56.2393	0.2	300
-535.508	0.751081	219.969	3.40549	52.8571	0.2	300
-535.508	0.760394	217.089	3.41327	49.4145	0.2	300
-535.508	0.769825	214.226	3.42101	46.4036	0.2	300
-535.508	0.779377	211.38	3.4287	43.814	0.2	300
-535.508	0.789051	208.553	3.43634	41.5374	0.2	300
-535.508	0.798851	205.744	3.44394	39.795	0.2	300
-535.508	0.808779	202.953	3.45148	38.0819	0.2	300
-535.508	0.818838	200.181	3.45897	37.5493	0.2	300
-535.508	0.82903	197.428	3.46641	37.174	0.2	300
-535.508	0.839359	194.694	3.4738	37.6036	0.2	300
-535.508	0.849827	191.979	3.48114	38.8236	0.2	300
-535.508	0.860437	189.284	3.48842	40.8161	0.2	300
-535.508	0.871192	186.61	3.49565	44.215	0.2	300
-535.508	0.882095	183.955	3.50282	49.7718	0.2	300
-535.508	0.893149	181.32	3.50995	59.6868	0.2	300
-535.507	0.904357	178.706	3.51701	935.67	0.2	300
-535.507	0.915722	176.113	3.52402	894.612	0.2	300
-535.507	0.927248	173.54	3.53097	837.627	0.2	300
-535.507	0.938937	170.989	3.53787	814.793	0.2	300
-535.507	0.950793	168.458	3.54471	760.439	0.2	300
-535.507	0.96282	165.949	3.55149	725.924	0.2	300
-535.507	0.97502	163.461	3.55821	709.44	0.2	300
-535.507	0.987398	160.994	3.56488	667.049	0.2	300
-535.507	0.999957	158.549	3.57149	630.899	0.2	300
-535.507	1.0127	156.126	3.57804	600.216	0.2	300
-535.507	1.02563	153.725	3.58453	576.469	0.2	300
-535.507	1.03876	151.345	3.59096	557.689	0.2	300
-535.507	1.05208	148.988	3.59733	520.686	0.2	300
-535.506	1.0656	146.653	3.60364	507.874	0.2	300
-535.506	1.07932	144.339	3.60989	475.526	0.2	300
-535.506	1.09325	142.048	3.61609	455.747	0.2	300
-535.506	1.1074	139.779	3.62222	434.758	0.2	300
-535.506	1.12176	137.533	3.62829	410.999	0.2	300
-535.506	1.13635	135.309	3.6343	392.021	0.2	300
-535.506	1.15116	133.107	3.64025	375.393	0.2	300
-535.506	1.1662	130.927	3.64614	358.376	0.2	300
-535.506	1.18148	128.77	3.65197	346.101	0.2	300
-535.506	1.19699	126.635	3.65774	328.191	0.2	300
-535.505	1.21276	124.523	3.66345	311.764	0.2	300
-535.505	1.22877	122.433	3.6691	299.88	0.2	300
-535.505	1.24504	120.366	3.67469	285.934	0.2	300
-535.505	1.26157	118.321	3.68021	269.408	0.2	300
-535.505	1.27836	116.298	3.68568	256.731	0.2	300
-535.505	1.29543	114.298	3.69109	247.909	0.2	300
-535.505	1.31278	112.32	3.69643	236.535	0.2	300
-535.504	1.33041	110.364	3.70172	225.577	0.2	300
-535.504	1.34833	108.431	3.70694	215.034	0.2	300
-535.504	1.36654	106.52	3.71211	203.158	0.2	300
-535.504	1.38506	104.631	3.71721	194.046	0.2	300
-535.504	1.40388	102.764	3.72226	185.573	0.2	300
-535.503	1.42302	100.92	3.72724	178.024	0.2	300
-535.503	1.44248	99.0971	3.73217	170.367	0.2	300
-535.503	1.46227	97.2965	3.73704	163.626	0.2	300
-535.503	1.4824	95.5177	3.74184	155.945	0.2	300
-535.503	1.50287	93.7607	3.74659	150.309	0.2	300
-535.502	1.52369	92.0255	3.75128	143.945	0.2	300
-535.502	1.54486	90.312	3.75591	138.439	0.2	300
-535.502	1.56641	88.6199	3.76049	134.216	0.2	300
-535.502	1.58832	86.9494	3.765	129.773	0.2	300
-535.501	1.61062	85.3003	3.76946	125.45	0.2	300
-535.501	1.63331	83.6724	3.77386	121.697	0.2	300
-535.501	1.65639	82.0657	3.7782	118.544	0.2	300
-535.501	1.67989	80.4801	3.78249	115.462	0.2	300
-535.5	1.7038	78.9154	3.78672	112.838	0.2	300
-535.5	1.72814	77.3716	3.79089	110.456	0.2	300
-535.5	1.75291	75.8486	3.795	108.132	0.2	300
-535.499	1.77813	74.3461	3.79906	106.518	0.2	300
-535.499	1.8038	72.8642	3.80307	104.937	0.2	300
-535.499	1.82994	71.4026	3.80702	103.665	0.2	300
-535.498	1.85655	69.9612	3.81092	102.576	0.2	300
-535.498	1.88365	68.54	3.81476	552.621	0.2	300
-535.497	1.91125	67.1387	3.81854	511	0.2	300
-535.497	1.93936	65.7573	3.82228	475.597	0.2	300
-535.497	1.96799	64.3956	3.82596	439.177	0.2	300
-535.496	1.99715	63.0534	3.82959	405.778	0.2	300
-535.496	2.02686	61.7307	3.83316	369.334	0.2	300
-535.495	2.05713	60.4272	3.83668	336.37	0.2	300
-535.495	2.08796	59.1428	3.84015	301.547	0.2	300
-535.494	2.11939	57.8774	3.84357	268.387	0.2	300
-535.494	2.15141	56.6308	3.84694	234.885	0.2	300
-535.493	2.18404	55.4029	3.85026	201.224	0.2	300
-535.492	2.2173	54.1934	3.85353	167.119	0.2	300
-535.492	2.2512	53.0023	3.85675	133.173	0.2	300
-535.491	2.28576	51.8294	3.85992	104.654	0.2	300
-535.49	2.32099	50.6745	3.86304	105.779	0.2	300
-535.49	2.35691	49.5375	3.86611	107.093	0.2	300
-535.489	2.39353	48.4182	3.86914	108.5	0.2	300
-535.488	2.43088	47.3164	3.87212	110.007	0.2	300
-535.487	2.46897	46.2319	3.87505	111.608	0.2	300
-535.486	2.50782	45.1647	3.87793	113.334	0.2	300
-535.486	2.54745	44.1145	3.88077	115.206	0.2	300
-535.485	2.58787	43.0811	3.88356	117.225	0.2	300
-535.484	2.62912	42.0644	3.88631	119.443	0.2	300
-535.483	2.6712	41.0642	3.88902	121.628	0.2	300
-535.482	2.71413	40.0804	3.89167	123.917	0.2	300
-535.481	2.75795	39.1128	3.89429	126.542	0.2	300
-535.479	2.80267	38.1612	3.89686	129.109	0.2	300
-535.478	2.84832	37.2254	3.89939	131.834	0.2	300
-535.477	2.89492	36.3052	3.90188	134.767	0.2	300
-535.476	2.94249	35.4006	3.90432	137.82	0.2	300
-535.474	2.99106	34.5113	3.90673	141.123	0.2	300
-535.473	3.04065	33.6371	3.90909	144.364	0.2	300
-535.471	3.0913	32.778	3.91141	148.008	0.2	300
-535.47	3.14303	31.9336	3.91369	151.578	0.2	300
-535.468	3.19587	31.104	3.91594	155.432	0.2	300
-535.466	3.24985	30.2888	3.91814	159.277	0.2	300
-535.464	3.305	29.488	3.9203	163.67	0.2	300
-535.462	3.36135	28.7014	3.92243	168.167	0.2	300
-535.46	3.41894	27.9289	3.92452	172.564	0.2	300
-535.458	3.47779	27.1702	3.92657	177.385	0.2	300
-535.456	3.53795	26.4253	3.92858	182.442	0.2	300
-535.454	3.59945	25.694	3.93056	187.385	0.2	300
-535.451	3.66233	24.9762	3.9325	193.178	0.2	300
-535.449	3.72662	24.2718	3.9344	198.926	0.2	300
-535.446	3.79237	23.5807	3.93627	204.656	0.2	300
-535.443	3.85963	22.9027	3.9381	211.123	0.2	300
-535.44	3.92842	22.2377	3.9399	217.627	0.2	300
-535.437	3.9988	21.5858	3.94166	224.435	0.2	300
-535.433	4.07082	20.9467	3.94339	231.524	0.2	300
-535.43	4.14452	20.3205	3.94508	238.903	0.2	300
-535.426	4.21996	19.7071	3.94674	246.474	0.2	300
-535.422	4.2971	19.1071	3.94836	254.604	0.2	300
-535.418	4.37529	18.5256	3.94993	262.744	0.2	300
-535.413	4.45444	17.9628	3.95145	271.502	0.2	300
-535.409	4.53455	17.4184	3.95292	280.362	0.2	300
-535.404	4.61562	16.892	3.95435	289.069	0.2	300
-535.399	4.69765	16.3831	3.95572	298.744	0.2	300
-535.394	4.78065	15.8915	3.95705	308.542	0.2	300
-535.389	4.86463	15.4167	3.95833	318.311	0.2	300
-535.383	4.9496	14.9585	3.95957	328.882	0.2	300
-535.377	5.03557	14.5166	3.96077	339.749	0.2	300
-535.371	5.12255	14.0906	3.96192	350.588	0.2	300
-535.365	5.21057	13.6805	3.96303	361.921	0.2	300
-535.358	5.29963	13.286	3.96409	373.345	0.2	300
-535.351	5.38976	12.9069	3.96512	385.449	0.2	300
-535.344	5.48099	12.5431	3.9661	397.272	0.2	300
-535.337	5.57334	12.1944	3.96704	409.823	0.2	300
-535.329	5.66686	11.8606	3.96794	423.126	0.2	300
-535.321	5.76158	11.5418	3.96881	437.063	0.2	300
-535.312	5.85755	11.2378	3.96963	450.804	0.2	300
-535.304	5.95482	10.9485	3.97041	465.224	0.2	300
-535.295	6.05346	10.6738	3.97115	478.826	0.2	300
-535.285	6.15353	10.4138	3.97185	495.546	0.2	300
-535.275	6.25512	10.1682	3.97252	509.895	0.2	300
-535.265	6.35831	9.93717	3.97314	527.138	0.2	300
-535.254	6.46321	9.72047	3.97373	543.944	0.2	300
-535.243	6.56994	9.51804	3.97428	561.924	0.2	300
-535.232	6.67861	9.32976	3.97478	579.927	0.2	300
-535.22	6.78939	9.15548	3.97526	598.472	0.2	300
-535.207	6.90241	8.99501	3.97569	617.605	0.2	300
-535.194	7.01788	8.84811	3.97609	636.798	0.2	300
-535.181	7.13598	8.71448	3.97645	656.806	0.2	300
-535.167	7.25694	8.59375	3.97677	678.162	0.2	300
-535.152	7.381	8.48549	3.97707	703.547	0.2	300
-535.137	7.50844	8.38915	3.97733	723.99	0.2	300
-535.121	7.63959	8.3041	3.97756	751.769	0.2	300
-535.105	7.77479	8.22958	3.97776	774.383	0.2	300
-535.088	7.91446	8.1647	3.97793	801.66	0.2	300
-535.07	8.05908	8.10841	3.97809	834.507	0.2	300
-535.052	8.20925	8.05948	3.97822	865.15	0.2	300
-535.032	8.36568	8.01648	3.97833	897.663	0.2	300
-535.012	8.52935	7.97768	3.97844	932.008	0.2	300
-534.99	8.70153	7.94102	3.97854	969.88	0.2	300
-534.967	8.8842	7.90388	3.97864	1009.88	0.2	300
-534.942	9.08056	7.86276	3.97875	1054.04	0.2	300
-534.915	9.29717	7.81218	3.97889	1102.55	0.2	300
-534.881	9.55437	7.73983	3.97908	1158.6	0.2	300
-534.85	9.79809	7.65391	3.97931	1217.17	0.2	300
-534.818	10.0388	7.54784	3.9796	1278.12	0.2	300
-534.786	10.2758	7.41861	3.97995	1335.61	0.2	300
-534.759	10.4774	7.28609	3.98031	1395.43	0.2	300
-534.732	10.6752	7.13315	3.98072	1447.88	0.2	300
-534.704	10.8684	6.95884	3.98119	1491.17	0.2	300
-534.677	11.0566	6.76245	3.98172	1553.06	0.2	300
-534.649	11.2391	6.54346	3.98231	1605.06	0.2	300
-534.622	11.4152	6.30153	3.98297	1654.51	0.2	300
-534.595	11.5844	6.03648	3.98369	1702.24	0.2	300
-534.567	11.746	5.74825	3.98446	1749.55	0.2	300
-534.539	11.9013	5.43289	3.98532	1793.52	0.2	300
-534.511	12.0497	5.08837	3.98625	1824.41	0.2	300
-534.482	12.1904	4.71301	3.98726	1864.91	0.2	300
-534.453	12.3223	4.30527	3.98836	1905.28	0.2	300
-534.423	12.444	3.86392	3.98956	1944.2	0.2	300
-534.393	12.5539	3.38829	3.99084	1992.04	0.2	300
-534.362	12.6503	2.87865	3.99222	2023.16	0.2	300
-534.332	12.7307	2.34226	3.99367	2047.89	0.2	300
-534.301	12.7948	1.77257	3.99521	2067.34	0.2	300
-534.269	12.8407	1.17606	3.99682	2069.15	0.2	300
-534.238	12.8677	0.552809	3.99851	2090.13	0.2	300
-534.207	12.8748	-0.0972553	4.00026	2092.72	0.2	300
-534.176	12.8613	-0.774472	4.00209	2085.79	0.2	300
-534.149	12.8318	-1.39144	4.00376	2076.84	0.2	300
-534.121	12.7852	-2.03048	4.00549	2065.17	0.2	300
-534.094	12.7208	-2.69257	4.00728	2044.89	0.2	300
-534.067	12.6379	-3.37905	4.00913	2018.56	0.2	300
-534.044	12.5528	-3.9812	4.01076	1981.77	0.2	300
-534.021	12.4536	-4.60354	4.01244	1950.64	0.2	300
-533.997	12.3397	-5.24781	4.01418	1910.92	0.2	300
-533.974	12.2106	-5.91619	4.01599	1871.28	0.2	300
