14	4	0.1	4.03031
14.1695	4.36928	0.1	4.00889
14.2564	3.78139	0.1	3.9966
14.8664	3.86033	0.1	3.993
15.0799	4.18758	0.1	3.96984
15.7662	4.61262	0.1	3.95446
15.8893	4.50468	0.1	3.97271
15.7939	4.7131	0.1	3.99706
15.24	4.75585	0.1	4.00765
15.8177	4.45051	0.1	3.93734
14.7507	4.82092	0.1	4.00486
14.1844	4.99182	0.1	3.98415
14.0257	4.85754	0.1	4.00843
14.2824	4.9308	0.1	3.93047
14.3738	4.45649	0.1	3.99312
13.6986	4.29525	0.1	3.98897
12.6925	4.23644	0.1	4.03218
11.1901	3.87863	0.1	4.03094
11.5376	4.08527	0.1	4.01272
11.6626	3.84196	0.1	4.01599
11.7621	3.667	0.1	4.03088
11.239	2.2014	0.1	4.2029
12.441	2.31101	0.1	4.14482
11.9069	2.65783	0.1	4.10628
10.4936	3.83153	0.1	4.04417
9.15181	4.42806	0.1	4.02463
8.02021	3.99787	0.1	4.07944
8.84315	3.83047	0.1	4.09018
10.2231	4.53139	0.1	3.99804
8.33062	4.59983	0.1	4.06639
8.40226	4.8204	0.1	4.05967
8.76318	3.93687	0.1	4.05643
9.33807	4.34456	0.1	4.05611
8.92059	4.04459	0.1	4.0479
6.93022	3.67898	0.1	4.16051
8.90466	3.39674	0.1	4.11567
8.46132	4.79871	0.1	4.05881
6.36871	2.7128	0.1	4.41759
7.82577	3.4422	0.1	4.14899
10.0854	3.62924	0.1	4.07107
8.18639	3.80818	0.1	4.07879
9.84174	4.07655	0.1	4.02674
11.789	0.994425	0.1	5.66464
15.2696	2.08736	0.1	4.09292
16.1715	1.44246	0.1	4.27221
17.3919	1.74563	0.1	4.13569
22.0536	1.42066	0.1	4.13619
21.7213	0.25569	0.1	5.03286
26.2918	2.67568	0.1	3.97563
24.0344	0.179756	0.1	0.603225
27.5473	0.92489	0.1	4.25889
25.9896	3.30396	0.1	3.97378
25.4316	4.96868	0.1	3.90872
26.9363	1.41907	0.1	4.06434
28.1993	3.00481	0.1	3.84044
29.1967	2.97022	0.1	3.89942
25.7093	3.02505	0.1	3.96946
23.747	1.64457	0.1	4.07767
25.6304	3.96645	0.1	3.90849
24.3833	1.65688	0.1	4.05493
27.9206	3.30198	0.1	3.9725
17.1515	2.19837	0.1	4.05241
18.384	2.73582	0.1	3.99999
14.305	4.24593	0.1	3.99277
10.4665	2.21714	0.1	4.2359
19.0459	4.36254	0.1	4.0067
15.5119	4.35477	0.1	3.98187
18.1612	2.75473	0.1	4.02099
16.2943	1.00168	0.1	4.59088
16.3494	1.66965	0.1	4.17563
7.06713	0.364132	0.1	0.41831
16.0045	4.5175	0.1	4.00719
22.3515	3.13986	0.1	3.97014
28.034	3.78591	0.1	3.94899
25.7854	0.31798	0.1	24.6223
15.2177	3.93642	0.1	4.01721
18.4401	0.2852	0.1	5.00091
21.4841	4.38994	0.1	3.91857
21.7457	1.25154	0.1	4.19715
6.03796	1.45216	0.1	6.98216
21.0011	4.46479	0.1	3.96341
19.3623	0.937059	0.1	4.58852
13.5114	1.47833	0.1	4.3753
29.7303	3.3585	0.1	3.99121
24.2959	2.75176	0.1	4.00783
18.4422	2.20502	0.1	4.03371
22.0097	0.349874	0.1	28.8226
21.2918	2.612	0.1	3.99987
28.1543	4.86727	0.1	3.94137
23.9199	3.179	0.1	3.98074
19.5186	1.84804	0.1	4.08389
24.0554	2.5525	0.1	4.00752
7.60793	0.309692	0.1	0.15341
19.3298	1.20684	0.1	4.29201
18.3033	0.675683	0.1	5.89334
21.6328	4.02923	0.1	4.00939
18.0437	0.71371	0.1	5.60866
9.74786	2.94795	0.1	4.12768
12.5935	3.66875	0.1	4.04553
6.20309	4.29912	0.1	4.14774
1.20506	1.95945	0.1	12.2816
9.14008	3.18699	0.1	4.13047
8.75386	2.36036	0.1	4.29018
1.54995	2.53527	0.1	98.4797
6.1596	1.08222	0.1	14.5842
8.28804	2.91258	0.1	4.19659
9.61174	2.85789	0.1	4.13387
7.8411	4.49829	0.1	4.04911
5.82941	2.57121	0.1	4.59384
3.73014	4.40357	0.1	4.42032
0.477186	0.85117	0.1	0.000568395
8.03991	2.21579	0.1	4.42075
1.60372	2.25715	0.1	173.285
4.62822	0.932433	0.1	170.615
10.6113	3.22519	0.1	4.06368
2.94731	2.52513	0.1	45.9822
1.88553	2.0655	0.1	125.605
9.20783	0.823858	0.1	11.9736
4.44555	0.848241	0.1	17.4245
11.727	4.09834	0.1	4.01037
15.6723	0.192025	0.1	0.111491
16.601	2.74959	0.1	4.0492
6.20179	4.59772	0.1	4.10894
4.45034	4.5894	0.1	4.25885
3.30529	4.73533	0.1	4.46015
19.9619	4.67894	0.1	3.9263
3.04812	2.17686	0.1	10.1636
11.0941	1.81729	0.1	4.34529
25.47	3.80218	0.1	3.96834
21.0161	0.397004	0.1	17.5653
11.5956	4.47374	0.1	4.01643
16.5492	2.8528	0.1	4.01791
25.0128	4.54758	0.1	3.88971
26.6879	4.02414	0.1	3.93715
26.9757	3.28158	0.1	3.95474
26.7851	3.12838	0.1	3.96327
29.7467	3.19698	0.1	3.99966
29.0258	1.92525	0.1	4.02427
27.9804	0.909229	0.1	4.25543
26.483	1.14372	0.1	4.13312
29.925	2.05854	0.1	4.02441
23.4762	4.28469	0.1	3.93016
17.4114	2.94283	0.1	4.02141
24.305	3.58199	0.1	3.94268
22.438	4.8075	0.1	3.91124
12.2562	2.56707	0.1	4.11422
20.1995	1.44808	0.1	4.16238
17.6439	2.79259	0.1	4.00078
21.7742	2.10713	0.1	4.03885
20.4958	2.47491	0.1	3.99816
25.4381	1.71128	0.1	4.04663
27.3942	0.295876	0.1	27.4191
29.089	0.133426	0.1	0.146822
25.8905	3.04766	0.1	3.94668
23.0523	0.843569	0.1	4.52087
7.09075	4.86511	0.1	4.08334
27.3366	4.14802	0.1	3.9134
26.1841	3.22758	0.1	3.98693
28.0386	0.357674	0.1	10.9075
27.915	0.138039	0.1	0.153999
12.0423	0.366035	0.1	3.64841
6.15531	1.77712	0.1	5.44962
24.6095	0.67452	0.1	4.89659
18.0707	3.4679	0.1	3.96287
11.3268	1.18101	0.1	5.07774
15.9387	0.444935	0.1	31.7105
23.0884	1.49313	0.1	4.10463
10.5933	0.947416	0.1	6.64216
19.1334	3.34246	0.1	3.95862
12.1978	2.46292	0.1	4.11924
12.6682	3.39405	0.1	4.04007
6.85907	4.84756	0.1	4.09232
12.251	4.14303	0.1	4.01127
0.111852	3.38911	0.1	1.37656
22.1008	2.38951	0.1	4.00418
11.652	4.12451	0.1	4.01474
21.3571	2.91045	0.1	3.98293
8.7271	1.93099	0.1	4.49261
20.362	2.56968	0.1	4.01165
10.4701	1.64405	0.1	4.51121
15.294	1.84126	0.1	4.15436
22.6035	2.18207	0.1	3.99287
1.03307	1.76179	0.1	101.239
13.588	0.427007	0.1	61.5432
4.12932	0.299314	0.1	0.00543679
0.140856	3.61793	0.1	7.99382
17.8438	2.42472	0.1	4.05506
10.8026	0.724169	0.1	12.086
4.76349	4.699	0.1	4.19617
22.5128	3.70374	0.1	3.92437
24.6432	0.239848	0.1	6.21482
29.0012	0.404327	0.1	7.43287
2.92209	0.239343	0.1	0.000321302
2.17573	2.63164	0.1	14.2768
18.74	1.79092	0.1	4.11211
1.69134	3.39689	0.1	12.5233
14.0823	2.423	0.1	4.0902
0.605783	0.369041	0.1	7.61481e-06
17.4511	2.77561	0.1	4.04264
25.8843	2.83056	0.1	3.91855
5.31809	1.20366	0.1	15.4777
2.52913	3.23016	0.1	6.51621
3.97006	4.96131	0.1	4.27856
21.437	4.60313	0.1	3.94986
2.11895	3.93528	0.1	6.23008
2.13212	1.96696	0.1	85.0644
16.0765	2.19703	0.1	4.07755
17.4778	3.96244	0.1	3.9785
21.1556	2.70255	0.1	4.00717
29.729	0.380967	0.1	8.14618
4.40358	2.10574	0.1	6.08632
29.4627	0.932929	0.1	4.22498
27.2039	3.54904	0.1	3.92565
12.1706	1.90424	0.1	4.24847
8.00691	2.63278	0.1	4.273
0.89516	3.4991	0.1	273.859
27.2871	3.54332	0.1	3.93757
3.6911	2.50076	0.1	5.96415
6.13221	4.42923	0.1	4.14013
0.969512	3.99589	0.1	76.9093
3.09407	2.56931	0.1	17.1009
18.0882	2.46868	0.1	4.04814
13.046	0.108049	0.1	0.00117995
6.5927	1.89104	0.1	5.0172
9.23114	4.02843	0.1	4.0362
13.6358	4.18917	0.1	4.00389
17.6101	3.37407	0.1	3.98823
14.2936	0.195802	0.1	0.0828452
0.566031	0.860051	0.1	0.00139622
12.1431	4.93187	0.1	3.9665
8.15072	0.619337	0.1	114.538
26.9215	1.37828	0.1	4.07723
28.2302	0.331042	0.1	14.2046
11.7228	0.635739	0.1	15.9702
0.872433	3.08858	0.1	680.772
17.5268	1.15786	0.1	4.40674
5.08836	2.1651	0.1	5.30834
6.10124	3.81583	0.1	4.20245
28.5301	4.32647	0.1	3.8963
1.78717	2.66115	0.1	36.4694
6.51427	2.31594	0.1	4.60066
3.90194	0.969808	0.1	305.581
1.31938	2.58545	0.1	209.658
0.74728	1.52514	0.1	2.50657
3.73505	2.72951	0.1	5.46205
10.5455	4.66085	0.1	4.02121
11.1506	3.25733	0.1	4.07262
9.49268	2.93613	0.1	4.12799
12.8359	2.50142	0.1	4.10437
2.0123	0.878388	0.1	2.05293
4.47831	2.51374	0.1	5.17122
6.96344	4.94256	0.1	4.08335
1.64745	2.15769	0.1	197.74
6.96635	4.06793	0.1	4.11247
7.58635	3.93569	0.1	4.11879
3.64714	1.88312	0.1	9.77751
7.36889	4.89471	0.1	4.076
6.2055	2.40807	0.1	4.60858
4.49004	2.82331	0.1	4.83679
2.99437	0.82024	0.1	14.7229
3.2455	0.543158	0.1	0.378659
0.225705	3.85685	0.1	29.6902
4.4954	0.960435	0.1	167.493
4.29947	1.64111	0.1	9.71866
3.31891	3.77107	0.1	4.80417
2.82181	1.55762	0.1	85.1958
6.22347	2.09289	0.1	4.88392
3.08306	0.517463	0.1	0.136513
5.75375	0.341384	0.1	0.0805096
5.62498	1.00227	0.1	34.4549
6.5284	0.196526	0.1	0.00259807
5.53382	0.592351	0.1	4.10358
4.4641	1.72044	0.1	8.24492
2.9603	0.29474	0.1	0.0012004
3.64486	1.05157	0.1	268.529
0.180977	1.48309	0.1	0.000596977
3.30468	0.5943	0.1	0.824708
2.32021	1.26574	0.1	8.5792
3.95953	0.889223	0.1	10.6729
7.59763	0.397391	0.1	2.03277
1.80348	3.5561	0.1	9.34073
1.73362	1.41173	0.1	11.5164
3.09454	0.90127	0.1	7.04013
4.16562	1.06783	0.1	124.463
3.98399	0.840685	0.1	6.94295
3.53382	1.22547	0.1	123.366
2.82539	0.33162	0.1	0.00207689
3.13381	1.86297	0.1	15.8345
3.63019	1.49433	0.1	26.3816
4.6835	0.227434	0.1	0.00162033
3.47332	1.18712	0.1	166.576
5.54715	1.71569	0.1	6.14071
3.71841	0.982269	0.1	24.4941
1.37944	1.46254	0.1	54.3093
3.91381	2.51134	0.1	5.65667
2.32319	1.4746	0.1	339.039
4.1558	1.9043	0.1	7.50266
2.85615	1.26617	0.1	300.828
1.00083	1.72946	0.1	12.5467
1.90877	0.818197	0.1	1.53351
2.09152	1.80255	0.1	170.846
4.09579	0.547731	0.1	0.923169
1.64425	3.38594	0.1	13.8543
3.09829	1.91629	0.1	14.5944
3.5184	2.36332	0.1	6.70455
5.76651	2.85792	0.1	4.4579
3.37056	2.42957	0.1	8.35017
3.71684	1.65647	0.1	14.0749
4.24803	0.431464	0.1	0.145953
4.67979	0.682089	0.1	4.72953
3.07023	2.39384	0.1	8.009
4.95095	3.03063	0.1	4.56058
4.14209	4.39635	0.1	4.33622
5.53844	3.04531	0.1	4.43015
5.30244	2.7707	0.1	4.60276
4.96853	2.1866	0.1	5.35299
5.80232	1.07523	0.1	18.8759
5.80767	1.53119	0.1	6.76867
6.43193	0.803461	0.1	79.7945
4.08646	0.759332	0.1	5.2491
5.06604	1.78482	0.1	6.42347
7.05484	0.578418	0.1	8.42775
7.49824	1.99567	0.1	4.64562
5.65642	0.370875	0.1	0.173342
8.63661	0.967156	0.1	8.70147
7.95551	0.605358	0.1	113.988
8.70049	2.11456	0.1	4.40105
8.07763	0.489514	0.1	4.45223
7.46122	1.39912	0.1	5.8496
8.70214	1.97044	0.1	4.47816
7.48552	0.306501	0.1	0.130011
7.64871	1.6726	0.1	5.01221
6.23682	0.158178	0.1	0.000578785
9.78075	1.18641	0.1	5.5393
7.13689	0.936421	0.1	16.332
9.44503	1.16402	0.1	5.78853
8.65813	0.731941	0.1	27.7741
7.83952	0.683958	0.1	81.3617
9.63561	1.49107	0.1	4.80484
8.19411	0.510036	0.1	6.73878
8.94763	0.868064	0.1	10.8427
8.17118	0.843042	0.1	16.1587
7.70107	0.809513	0.1	26.4732
7.38587	0.959894	0.1	13.0785
7.7121	1.26922	0.1	6.34312
7.33542	1.09117	0.1	8.93706
7.09371	1.59896	0.1	5.39137
6.78361	0.962337	0.1	17.5288
7.56554	0.986114	0.1	11.0848
7.19177	1.32341	0.1	6.47645
6.43993	1.54624	0.1	5.98424
6.89154	2.17476	0.1	4.62496
7.23797	2.58814	0.1	4.35622
8.1151	2.21406	0.1	4.40335
7.78118	2.12465	0.1	4.50278
8.16691	2.50825	0.1	4.29433
8.71108	2.68296	0.1	4.2165
9.25657	3.57027	0.1	4.07613
10.7504	3.51811	0.1	4.06296
11.2768	4.0726	0.1	4.01256
11.8494	3.28478	0.1	4.06824
11.8956	4.25757	0.1	3.98987
12.4529	2.04382	0.1	4.17908
10.0071	2.07841	0.1	4.28917
11.9324	0.297962	0.1	1.37297
12.8075	0.703375	0.1	8.82347
11.24	1.68277	0.1	4.40908
11.2169	1.08248	0.1	5.43423
11.982	3.02403	0.1	4.06004
13.4468	2.53929	0.1	4.09333
13.8079	1.40663	0.1	4.40919
16.0939	1.92786	0.1	4.11594
13.9887	3.42179	0.1	4.02584
14.7233	2.46129	0.1	4.07673
15.3126	2.36961	0.1	4.0817
12.9427	3.77522	0.1	4.02304
13.3624	3.38525	0.1	4.04785
13.1749	4.44192	0.1	3.96575
13.7591	3.20645	0.1	4.03979
12.8531	2.86764	0.1	4.06661
11.0691	2.3239	0.1	4.17175
8.9857	1.12632	0.1	6.29216
9.73155	3.88682	0.1	4.05984
6.55417	0.98663	0.1	17.7856
4.99292	3.3869	0.1	4.41342
5.29222	0.62403	0.1	4.27221
7.85214	1.83663	0.1	4.72141
7.92386	1.89671	0.1	4.64292
10.0857	0.388981	0.1	2.68064
4.44909	0.981759	0.1	152.704
5.44635	1.58183	0.1	7.50797
4.91588	3.05691	0.1	4.5621
6.45706	4.12543	0.1	4.14901
6.62203	4.62135	0.1	4.10849
1.8032	4.76921	0.1	5.94582
2.2964	3.8524	0.1	5.90366
0.247145	1.6934	0.1	0.0438146
4.52687	2.88334	0.1	4.77877
8.37673	2.94512	0.1	4.17975
6.89431	2.16697	0.1	4.62878
5.08521	3.46372	0.1	4.36986
6.354	3.61614	0.1	4.20278
7.75349	2.78334	0.1	4.24698
1.69553	1.61183	0.1	9.72143
5.49017	0.874855	0.1	108.26
4.14346	4.48545	0.1	4.32046
4.37018	2.92964	0.1	4.81333
3.861	0.814013	0.1	5.58102
7.10736	1.05338	0.1	10.5349
9.25164	1.37127	0.1	5.10975
6.48677	0.799359	0.1	77.9748
6.27265	1.16792	0.1	10.479
9.84537	1.93032	0.1	4.38484
5.03546	1.59569	0.1	7.70277
11.2085	2.58847	0.1	4.11807
5.43782	0.708623	0.1	10.6514
9.12489	1.05993	0.1	6.73382
5.30234	0.517368	0.1	3.85971
5.88591	3.79658	0.1	4.22345
8.58753	1.88621	0.1	4.54332
4.9441	1.44902	0.1	9.91287
7.93527	1.50983	0.1	5.23158
5.86088	0.611284	0.1	4.82816
7.86533	0.656902	0.1	101.079
6.84098	0.668418	0.1	147.969
6.06023	2.08221	0.1	4.94403
6.22821	0.967309	0.1	25.0679
5.6099	0.723335	0.1	20.0736
5.24033	1.36737	0.1	10.1982
3.38466	1.89764	0.1	11.5142
1.24277	2.11749	0.1	11.7831
1.45176	2.44086	0.1	177.916
2.67933	3.20562	0.1	6.18456
2.26515	3.60579	0.1	6.43187
1.07921	2.45176	0.1	14.1251
1.5171	0.882208	0.1	0.602614
0.897324	2.44441	0.1	16.7869
0.526014	3.23239	0.1	111.153
0.651583	2.83499	0.1	61.8662
0.726049	0.718026	0.1	0.00107545
0.459175	3.16069	0.1	11.3833
1.1437	2.2681	0.1	12.0552
2.21166	2.61053	0.1	13.6588
0.33897	3.95049	0.1	17.1022
0.211435	3.46238	0.1	11.6353
0.152552	4.05998	0.1	6.87256
1.51058	3.29716	0.1	21.7733
1.42781	4.83469	0.1	52.643
1.23622	4.24243	0.1	15.7361
1.68085	4.99551	0.1	6.05145
2.20344	4.82756	0.1	5.12227
1.47702	4.97444	0.1	23.4251
1.74071	4.84186	0.1	6.04561
1.47374	4.94889	0.1	26.6636
1.27812	4.61941	0.1	10.651
2.29866	4.32385	0.1	5.36409
1.13519	4.29674	0.1	21.0533
1.26336	4.76666	0.1	10.0802
1.44692	4.41081	0.1	9.01507
1.45162	4.53308	0.1	8.46013
0.898156	4.35841	0.1	69.6961
1.98147	4.40823	0.1	5.90053
1.44997	4.54931	0.1	8.41728
0.30284	3.19558	0.1	10.0134
0.66253	4.39589	0.1	364.833
1.53175	4.85426	0.1	19.3873
0.831956	4.54905	0.1	82.1985
1.87952	3.39805	0.1	9.52974
0.939082	4.75595	0.1	31.1624
0.119101	3.8671	0.1	3.75921
1.63972	3.48214	0.1	12.6543
0.678577	4.4559	0.1	302.219
1.08738	4.05932	0.1	36.4479
2.02162	4.28844	0.1	5.95356
1.08133	4.72375	0.1	16.7754
1.39548	4.71509	0.1	8.40365
0.310656	4.07389	0.1	44.5504
1.01964	4.41587	0.1	31.2355
1.17014	4.19225	0.1	20.8168
1.13615	4.48682	0.1	17.2018
0.798807	4.55025	0.1	104.559
0.607497	4.6326	0.1	446.246
0.960438	4.16226	0.1	62.6663
0.79364	4.61634	0.1	97.9497
1.26245	4.61156	0.1	11.0478
0.150565	4.97387	0.1	11.1674
0.824517	4.40558	0.1	105.209
0.648376	4.77883	0.1	254.951
0.234557	4.3757	0.1	124.339
0.665719	4.02983	0.1	599.646
0.418338	4.53323	0.1	34.9106
0.836739	3.78262	0.1	253.969
0.616	3.43504	0.1	17.9834
0.568777	3.73766	0.1	60.5445
1.21434	3.68402	0.1	35.5247
1.33225	3.96817	0.1	15.6415
1.03444	4.38488	0.1	29.9574
1.33624	4.23525	0.1	12.211
0.73971	3.61283	0.1	660.654
0.461338	4.12266	0.1	35.9124
0.138412	4.43234	0.1	7.78657
0.561518	3.31137	0.1	50.9135
0.814135	3.65964	0.1	358.984
0.676162	3.27265	0.1	41.1261
0.451037	3.60573	0.1	146.297
0.689159	4.13305	0.1	436.472
0.652134	4.18245	0.1	548.268
0.343947	4.14347	0.1	349.185
0.378776	4.1313	0.1	181.473
0.480325	4.45042	0.1	45.6086
0.163663	4.12543	0.1	29.8109
0.294701	4.09824	0.1	28.8091
0.901437	4.09078	0.1	101.778
0.733332	4.11563	0.1	314.9
0.7096	4.2723	0.1	303.994
0.741191	4.11341	0.1	298.001
0.632746	4.24742	0.1	596.82
0.6525	3.98081	0.1	717.172
0.70258	4.22815	0.1	342.509
0.269725	4.59689	0.1	52.4628
0.920787	4.26591	0.1	69.5153
0.677809	3.85008	0.1	729.122
0.967325	3.69076	0.1	131.022
0.600737	3.73224	0.1	26.9738
1.03055	4.29201	0.1	34.8103
0.944894	3.90702	0.1	102.626
0.325655	4.2383	0.1	13.5183
0.902418	3.59759	0.1	226.636
0.796396	4.02058	0.1	227.572
0.704402	3.87239	0.1	558.06
0.77962	3.76908	0.1	384.801
0.449646	3.93014	0.1	70.2476
0.447693	3.99496	0.1	62.3766
0.765022	3.93029	0.1	331.566
0.850035	3.9693	0.1	169.328
0.953454	3.90667	0.1	98.131
0.827428	3.82572	0.1	251.409
0.865827	3.82657	0.1	192.642
0.897158	3.68034	0.1	200.466
0.38511	3.63121	0.1	11.9238
0.866571	3.60133	0.1	275.055
1.09248	3.38657	0.1	112.766
0.721712	3.62025	0.1	744.843
0.637528	3.58164	0.1	19.6963
0.67019	3.49434	0.1	13.79
0.817108	3.63405	0.1	362.228
0.844992	3.51836	0.1	368.359
0.712152	3.77568	0.1	608.514
1.07153	3.65012	0.1	78.2699
1.38265	3.69027	0.1	18.5048
1.22636	3.46728	0.1	49.103
0.759973	3.59258	0.1	587.765
1.18783	3.74549	0.1	36.4459
0.713976	4.05517	0.1	403.311
0.960125	3.91047	0.1	93.7095
0.584998	4.14746	0.1	16.8155
0.541181	3.94243	0.1	54.2408
0.848937	4.03442	0.1	189.501
0.749092	3.74277	0.1	500.518
0.791454	3.41575	0.1	636.369
0.869879	3.66743	0.1	244.091
1.04916	3.78534	0.1	69.6235
1.19994	3.71367	0.1	36.3923
1.71547	3.23625	0.1	14.2106
0.458385	3.34716	0.1	232.323
0.525523	3.51123	0.1	52.386
0.475269	3.67141	0.1	81.6683
0.790949	3.27909	0.1	808.921
0.553446	3.42502	0.1	41.8151
0.779543	3.41196	0.1	695.484
0.174007	3.64096	0.1	5.61013
1.33159	3.44879	0.1	32.2272
0.76644	3.44198	0.1	701.9
0.949647	3.66388	0.1	161.625
0.656551	3.26039	0.1	17.389
0.145464	3.11942	0.1	3.54539
0.747203	3.78582	0.1	459.097
0.975554	3.87112	0.1	92.2469
0.316292	3.50655	0.1	73.2082
0.850863	3.65101	0.1	281.015
0.524953	3.46079	0.1	60.7021
1.11965	3.84487	0.1	43.1975
1.23116	3.63698	0.1	35.7169
1.29144	3.62284	0.1	28.3224
0.633846	3.47436	0.1	41.0043
1.09512	4.05123	0.1	35.1008
1.19716	3.55061	0.1	48.7947
0.719341	3.67095	0.1	699.722
0.588316	3.73204	0.1	38.8554
0.557778	3.79387	0.1	63.0076
1.00864	3.52311	0.1	138.174
0.951618	3.51078	0.1	191.333
0.90386	3.53888	0.1	241.892
1.05272	3.71897	0.1	75.5929
0.898538	3.50088	0.1	268.578
0.788683	3.44142	0.1	621.431
0.535691	3.47593	0.1	48.7038
0.933408	3.44339	0.1	242.765
0.917598	3.55731	0.1	217.507
0.84457	3.44241	0.1	427.488
0.807144	3.5292	0.1	472.038
0.906377	3.58007	0.1	225.08
1.07009	3.56706	0.1	91.43
0.66843	3.47328	0.1	13.6721
0.912894	3.49846	0.1	245.953
1.08007	3.29073	0.1	144.457
0.918425	3.30944	0.1	337.523
0.946558	3.00214	0.1	506.162
0.840173	3.0152	0.1	14.7553
0.991232	3.05799	0.1	362.342
1.07034	3.00109	0.1	264.171
0.918244	2.95755	0.1	647.802
1.12703	3.01661	0.1	191.459
0.877107	3.14588	0.1	592.538
0.80718	3.10503	0.1	14.7508
1.03582	3.08959	0.1	261.437
0.881557	2.93333	0.1	15.8515
0.97376	3.14187	0.1	330.437
1.30239	3.1519	0.1	64.8762
1.16357	3.34922	0.1	83.8521
1.22826	3.47011	0.1	48.4096
1.10885	3.15705	0.1	196.723
1.43041	3.13376	0.1	39.318
1.42791	3.16768	0.1	37.0167
1.51141	3.25028	0.1	23.3785
1.35385	3.0501	0.1	64.6304
1.65553	3.14248	0.1	18.4588
1.39996	2.98461	0.1	61.2541
1.77905	3.07092	0.1	15.4159
1.83095	2.93251	0.1	16.8129
1.74703	3.05474	0.1	16.8438
1.93236	3.07055	0.1	11.8042
1.97696	2.88221	0.1	13.6891
2.03684	2.95347	0.1	11.4978
1.90325	3.09961	0.1	11.9459
1.69428	2.87205	0.1	26.4519
1.60205	2.40742	0.1	113.902
1.3999	2.70943	0.1	114.824
1.64842	2.80608	0.1	35.229
1.84808	2.66764	0.1	26.1214
1.42231	2.73821	0.1	96.9773
1.91473	2.66232	0.1	22.2347
1.42924	2.52341	0.1	161.046
1.5189	2.40856	0.1	154.844
1.62156	2.23028	0.1	175.915
1.76668	2.37458	0.1	72.3468
2.26845	1.98209	0.1	56.3993
2.38635	2.06027	0.1	32.4796
2.07083	1.78874	0.1	184.762
1.7665	2.15587	0.1	136.569
1.57534	2.44833	0.1	113.761
1.53927	2.42733	0.1	133.997
1.15451	1.90778	0.1	19.1923
2.13882	1.84559	0.1	129.118
2.87355	1.71774	0.1	38.3924
2.09211	2.18024	0.1	47.43
1.99185	2.83282	0.1	14.2443
1.6869	2.31386	0.1	109.565
1.3279	2.4765	0.1	267.643
1.77522	2.57483	0.1	40.4485
0.510746	2.48493	0.1	25.6656
1.07503	2.55809	0.1	656.442
2.21058	2.7209	0.1	11.8695
0.744837	3.27639	0.1	14.1051
0.60007	2.05843	0.1	37.586
0.748454	2.73645	0.1	25.8377
0.35774	2.04966	0.1	2.15872
1.06931	2.87939	0.1	336.721
1.08855	3.21574	0.1	196.961
1.0358	3.43866	0.1	138.133
1.0805	3.48812	0.1	98.9882
0.278369	3.6062	0.1	9.63812
1.27034	2.93309	0.1	119.173
1.87347	2.88542	0.1	16.5232
1.56657	2.89113	0.1	38.8748
1.09037	2.41523	0.1	13.7415
1.65427	2.71995	0.1	42.5572
1.70041	2.47579	0.1	67.1414
1.30394	2.93898	0.1	100.341
1.18709	2.35369	0.1	635.948
0.682725	2.1097	0.1	8.40912
1.98226	2.33339	0.1	41.4578
0.218838	2.40782	0.1	1.61054
1.06795	2.23136	0.1	11.886
0.252329	2.78843	0.1	13.2293
0.875238	2.81329	0.1	12.8298
1.10979	2.08393	0.1	13.2172
1.19375	2.3794	0.1	598.918
0.606795	2.63212	0.1	199.042
0.226516	2.49726	0.1	1.66511
0.454284	2.92448	0.1	13.876
0.658238	2.28394	0.1	7.94833
0.936144	2.62306	0.1	12.1807
0.930575	2.74531	0.1	13.9484
0.691702	2.43553	0.1	144.551
0.71717	2.51345	0.1	84.6069
0.800987	2.93796	0.1	13.8245
1.02435	2.71498	0.1	617.621
1.11219	2.9513	0.1	237.626
1.35038	2.8483	0.1	101.496
1.51013	2.9388	0.1	50.2964
0.957288	2.61581	0.1	12.4738
1.36991	2.70065	0.1	131.807
0.713319	2.78147	0.1	33.1768
1.58467	2.60398	0.1	73.103
1.09072	2.59265	0.1	581.573
1.3362	2.23354	0.1	484.234
1.71513	2.28423	0.1	108.795
1.73634	2.37981	0.1	78.8359
1.85077	2.64237	0.1	30.3902
1.46533	2.27529	0.1	260.354
1.16248	2.50972	0.1	490.903
0.766914	2.93577	0.1	33.9699
1.22702	2.48882	0.1	398.761
1.31188	2.24163	0.1	506.307
1.38858	1.83986	0.1	10.1442
1.20591	2.33311	0.1	636.422
0.627664	2.09121	0.1	20.9995
1.69428	2.15931	0.1	167.81
1.47956	2.58618	0.1	111.594
1.46889	2.49481	0.1	146.051
1.78826	2.40929	0.1	60.3168
2.00381	2.37523	0.1	34.6746
1.8765	2.34103	0.1	55.6035
1.67173	2.31903	0.1	115.489
1.5608	2.3337	0.1	160.872
1.41404	2.4643	0.1	193.315
1.71126	2.27587	0.1	114.179
1.35278	2.3706	0.1	318.706
1.50095	2.25619	0.1	247.613
1.72849	2.75444	0.1	30.8204
1.34988	2.38429	0.1	302.404
0.73546	2.25776	0.1	165.77
0.978393	2.38714	0.1	12.3637
1.05359	2.32302	0.1	11.543
1.25789	2.38114	0.1	454.907
2.21562	3.06759	0.1	8.61159
1.5078	2.09815	0.1	372.082
1.47621	2.24381	0.1	272.931
0.425579	2.63873	0.1	75.6883
1.44979	2.32914	0.1	238.888
1.28172	2.65734	0.1	207.004
1.83049	2.57778	0.1	34.0425
1.80049	2.72967	0.1	26.2231
1.38493	2.47286	0.1	212.293
0.548015	2.30215	0.1	29.5376
1.35082	2.65846	0.1	158.684
2.07848	2.52847	0.1	19.9761
1.49565	2.33907	0.1	197.14
0.979549	2.371	0.1	12.7549
1.30557	2.13897	0.1	15.9914
1.95134	2.20279	0.1	66.1
1.08357	2.45907	0.1	14.9823
1.66484	2.22931	0.1	151.684
1.53112	2.27996	0.1	203.823
1.22401	2.09471	0.1	11.0853
0.787314	2.16664	0.1	141.834
0.877897	2.02166	0.1	112.523
0.693693	1.98876	0.1	12.6369
0.277475	2.20206	0.1	1.54311
0.71827	2.28827	0.1	175.725
0.88121	1.85877	0.1	7.8928
0.42021	2.76945	0.1	56.169
0.388668	3.00295	0.1	51.3331
0.510075	2.71044	0.1	10.6249
0.608035	3.19112	0.1	36.3097
1.30778	3.05452	0.1	78.2952
0.805797	3.01522	0.1	13.1163
1.60341	3.07826	0.1	23.6152
1.31454	3.04008	0.1	81.2648
1.73414	3.18151	0.1	14.6553
0.988353	3.14565	0.1	311.502
0.514922	3.2778	0.1	116.546
1.19127	2.61107	0.1	339.689
1.49789	2.58477	0.1	105.214
1.55831	2.43367	0.1	124.484
1.16869	2.61414	0.1	384.99
1.27303	2.53158	0.1	287.582
1.5129	2.77748	0.1	61.7066
0.54329	2.77461	0.1	11.4664
1.2444	2.73968	0.1	206.16
1.17233	2.89714	0.1	201.666
1.14803	2.82459	0.1	265.085
0.254684	2.90282	0.1	11.3424
1.16272	3.13946	0.1	125.897
1.25467	2.70604	0.1	211.851
1.30417	2.11742	0.1	14.6708
1.75549	2.69983	0.1	36.5313
1.86312	2.81561	0.1	18.9255
1.77839	2.65399	0.1	37.3845
1.58384	3.36621	0.1	16.172
1.7654	2.94488	0.1	19.1027
1.53249	3.07755	0.1	29.985
1.48351	3.34408	0.1	22.0625
1.74193	3.38848	0.1	11.5888
1.23833	3.022	0.1	125.952
1.58639	2.73671	0.1	52.1427
1.24665	3.16971	0.1	81.1563
1.36601	3.14678	0.1	49.2726
1.37654	3.34278	0.1	32.5145
1.25562	3.16762	0.1	77.7062
1.50171	3.15793	0.1	28.42
1.03059	3.28967	0.1	188.022
0.777464	3.53969	0.1	552.422
0.709185	3.76112	0.1	636.185
0.78168	3.40514	0.1	688.486
0.423169	3.55527	0.1	258.338
1.53991	3.30371	0.1	19.7586
1.06404	3.65512	0.1	80.643
0.333781	2.97635	0.1	8.21023
0.85825	3.42062	0.1	394.202
1.37684	3.40947	0.1	28.8433
0.847331	3.4617	0.1	406.027
0.683312	3.34708	0.1	22.0258
0.950315	3.71711	0.1	135.65
0.941449	3.74401	0.1	148.659
0.448176	3.64618	0.1	140.062
1.07799	3.56789	0.1	85.9047
0.810011	3.68339	0.1	357.774
0.974477	3.70509	0.1	120.054
1.07965	3.66645	0.1	71.9613
1.29665	3.73789	0.1	23.2914
0.566542	3.52683	0.1	26.4848
1.24414	3.51254	0.1	42.1032
0.633355	3.56318	0.1	25.7958
0.906111	3.60901	0.1	216.985
1.15667	3.6076	0.1	53.9068
0.98318	3.76082	0.1	104.362
1.06883	3.67159	0.1	76.226
1.09312	3.72097	0.1	61.5648
1.33754	3.69272	0.1	21.3162
0.906897	3.93622	0.1	124.293
0.830434	4.19235	0.1	138.023
0.653624	4.42096	0.1	392.148
0.387793	4.58437	0.1	60.2147
0.991501	4.38194	0.1	38.2118
0.678464	4.51001	0.1	273.5
0.610958	4.48843	0.1	506.168
0.547952	4.63238	0.1	768.571
0.719626	4.65203	0.1	163.188
0.872049	4.45029	0.1	71.6305
0.434098	4.81532	0.1	56.2392
0.648184	4.73055	0.1	272.028
0.611492	4.81348	0.1	330.688
0.408592	4.7961	0.1	26.0298
0.691555	4.58047	0.1	229.506
0.647194	4.59518	0.1	318.209
0.668837	4.73397	0.1	225.178
0.633899	4.68447	0.1	322.408
0.860042	4.66605	0.1	57.563
0.583132	4.62188	0.1	551.413
0.797767	4.68384	0.1	86.7175
0.783835	4.56735	0.1	114.391
0.410312	4.76721	0.1	26.7501
0.515008	4.53667	0.1	15.6014
0.322133	4.64869	0.1	237.264
0.454916	4.58454	0.1	61.1861
0.745049	4.70905	0.1	126.361
0.658364	4.52167	0.1	328.108
0.67452	4.64377	0.1	236.518
0.514851	4.63364	0.1	1068.48
0.487593	4.56237	0.1	21.6755
0.554258	4.58258	0.1	792.95
0.692285	4.56019	0.1	231.74
0.69217	4.57391	0.1	226.27
0.667089	4.62636	0.1	257.946
0.661554	4.5652	0.1	292.851
0.645163	4.5552	0.1	343.082
0.820912	4.56136	0.1	88.4532
0.536855	4.69874	0.1	816.261
0.480542	4.62681	0.1	21.2992
0.409857	4.68899	0.1	30.4272
0.360947	4.66238	0.1	94.7749
0.490768	4.77003	0.1	16.3166
0.48849	4.67278	0.1	15.4749
0.761421	4.64737	0.1	120.105
0.508183	4.71757	0.1	1036.48
0.527688	4.74935	0.1	816.595
0.493609	4.75702	0.1	16.2064
0.457583	4.69598	0.1	39.2082
0.53497	4.76395	0.1	744.632
0.65264	4.71202	0.1	261.655
0.475416	4.79215	0.1	15.3814
0.569686	4.79895	0.1	515.945
0.49586	4.79423	0.1	1082.11
0.438518	4.77935	0.1	54.9539
0.366372	4.7917	0.1	65.0072
0.548509	4.7756	0.1	659.578
0.611897	4.76728	0.1	349.469
0.497074	4.78004	0.1	1117.48
0.518889	4.71335	0.1	960.029
0.609708	4.74586	0.1	366.411
0.539256	4.7353	0.1	738.438
0.577273	4.69361	0.1	537.061
0.607234	4.7446	0.1	377.496
0.780874	4.78325	0.1	87.5187
0.574391	4.80967	0.1	486.476
0.55698	4.79725	0.1	589.467
0.51549	4.7827	0.1	918.757
0.345385	4.79241	0.1	108.093
0.22403	4.81946	0.1	77.6466
0.208345	4.7485	0.1	159.952
0.28193	4.86268	0.1	427.629
0.520947	4.86332	0.1	782.106
0.453091	4.86797	0.1	23.1311
0.392898	4.89635	0.1	29.6014
0.518848	4.97246	0.1	707.774
0.581603	4.83214	0.1	442.224
0.448703	4.96783	0.1	17.3404
0.58936	4.97795	0.1	334.194
0.575814	4.91389	0.1	422.73
0.600766	4.88569	0.1	334.088
0.548757	4.89577	0.1	567.385
0.654829	4.96969	0.1	186.504
0.719882	4.9215	0.1	115.551
0.707493	4.9798	0.1	119.494
0.555843	4.95756	0.1	474.203
0.699552	4.9106	0.1	138.143
0.606625	4.92372	0.1	301.627
0.423734	4.87577	0.1	64.1494
0.716015	4.99992	0.1	107.678
0.516431	4.91205	0.1	778.858
0.492129	4.93397	0.1	956.165
0.414226	4.99928	0.1	60.7607
0.385096	4.97447	0.1	30.3683
0.511056	4.95752	0.1	776.876
0.494488	4.93644	0.1	959.961
0.369142	4.97063	0.1	43.5227
0.548246	4.93787	0.1	525.206
0.552243	4.92213	0.1	530.24
0.31836	4.94561	0.1	161.379
0.396038	4.98741	0.1	25.2333
0.311762	4.9144	0.1	198.617
0.338068	4.98306	0.1	91.4803
0.237207	4.93335	0.1	37.3368
0.203564	4.98789	0.1	140.052
0.270951	4.9573	0.1	14.5155
0.163526	4.89436	0.1	60.9986
0.157185	4.9097	0.1	85.9688
