0.1	0.999147	0.999147	1	1	1	1
0.2	0.900572	0.999147	0.994996	0.999147	1	1
0.3	0.547862	0.999147	0.999147	0.999147	0.994996	1
0.4	0.342339	0.900572	0.999982	0.999147	0.997065	1
0.5	0.229849	0.708073	0.994996	0.999147	0.999147	0.999147
0.6	0.163794	0.547862	0.900572	0.999147	0.999843	0.994996
0.7	0.122219	0.429127	0.770683	0.979908	1	1
0.8	0.0945184	0.342339	0.649767	0.900572	0.999931	0.997065
0.9	0.0751962	0.278167	0.547862	0.80316	0.967273	0.999768
1	0.0612087	0.229849	0.464631	0.708073	0.900572	0.999147
1.1	0.0507697	0.192768	0.397159	0.622435	0.822847	0.999358
1.2	0.0427785	0.163794	0.342339	0.547862	0.745195	0.999843
1.3	0.0365286	0.140777	0.297513	0.483835	0.67252	0.998955
1.4	0.0315502	0.122219	0.260565	0.429127	0.606634	1
1.5	0.0275215	0.107056	0.229849	0.382381	0.547862	0.999147
1.6	0.024216	0.0945184	0.204097	0.342339	0.495852	0.999931
1.7	0.0214708	0.0840394	0.182332	0.307907	0.44998	0.989992
1.8	0.0191664	0.0751962	0.163794	0.278167	0.409547	0.967273
1.9	0.0172133	0.0676681	0.14789	0.252357	0.373874	0.936369
2	0.0155438	0.0612087	0.134156	0.229849	0.342339	0.900572
2.1	0.0141055	0.0556262	0.122219	0.210128	0.314391	0.862197
2.2	0.0128577	0.0507697	0.111786	0.192768	0.289552	0.822847
2.3	0.0117683	0.0465192	0.102617	0.177421	0.267409	0.783606
2.4	0.0108115	0.0427785	0.0945184	0.163794	0.247609	0.745195
2.5	0.00996671	0.0394695	0.0873322	0.151647	0.229849	0.708073
2.6	0.0092171	0.0365286	0.0809275	0.140777	0.21387	0.67252
2.7	0.00854892	0.0339033	0.0751962	0.131016	0.199453	0.638685
2.8	0.00795078	0.0315502	0.0700479	0.122219	0.186405	0.606634
2.9	0.00741324	0.0294331	0.0654067	0.114267	0.174566	0.576371
3	0.00692838	0.0275215	0.0612087	0.107056	0.163794	0.547862
3.1	0.00648955	0.0257898	0.0573996	0.100499	0.153968	0.521047
3.2	0.00609111	0.024216	0.0539331	0.0945184	0.144983	0.495852
3.3	0.00572824	0.0227817	0.0507697	0.0890508	0.136748	0.472192
3.4	0.00539684	0.0214708	0.047875	0.0840394	0.129183	0.44998
3.5	0.00509337	0.0202697	0.0452198	0.0794354	0.122219	0.429127
3.6	0.00481478	0.0191664	0.0427785	0.0751962	0.115795	0.409547
3.7	0.00455843	0.0181506	0.0405287	0.0712847	0.109858	0.391156
3.8	0.00432201	0.0172133	0.0384511	0.0676681	0.104359	0.373874
3.9	0.00410351	0.0163467	0.0365286	0.0643179	0.0992586	0.357625
4	0.00390116	0.0155438	0.0347462	0.0612087	0.0945184	0.342339
4.1	0.00371342	0.0147985	0.0330906	0.0583181	0.0901061	0.327948
4.2	0.0035389	0.0141055	0.0315502	0.0556262	0.0859925	0.314391
4.3	0.0033764	0.01346	0.0301146	0.0531153	0.0821514	0.30161
4.4	0.00322483	0.0128577	0.0287744	0.0507697	0.0785596	0.289552
4.5	0.00308325	0.012295	0.0275215	0.0485752	0.0751962	0.278167
4.6	0.00295078	0.0117683	0.0263485	0.0465192	0.0720424	0.267409
4.7	0.00282667	0.0112747	0.0252486	0.0445904	0.0690813	0.257236
4.8	0.00271022	0.0108115	0.024216	0.0427785	0.0662976	0.247609
4.9	0.00260082	0.0103762	0.0232454	0.0410743	0.0636776	0.238491
5	0.00249792	0.00996671	0.0223318	0.0394695	0.0612087	0.229849
5.1	0.002401	0.00958093	0.0214708	0.0379566	0.0588797	0.221652
5.2	0.00230961	0.0092171	0.0206587	0.0365286	0.0566803	0.21387
5.3	0.00222334	0.00887359	0.0198916	0.0351794	0.054601	0.206479
5.4	0.00214181	0.00854892	0.0191664	0.0339033	0.0526334	0.199453
5.5	0.00206469	0.00824172	0.0184801	0.0326952	0.0507697	0.192768
5.6	0.00199166	0.00795078	0.0178299	0.0315502	0.0490026	0.186405
5.7	0.00192243	0.00767496	0.0172133	0.0304642	0.0473257	0.180344
5.8	0.00185675	0.00741324	0.0166282	0.0294331	0.045733	0.174566
5.9	0.00179438	0.00716467	0.0160723	0.0284533	0.0442189	0.169054
6	0.00173511	0.00692838	0.0155438	0.0275215	0.0427785	0.163794
6.1	0.00167871	0.00670359	0.0150409	0.0266346	0.0414069	0.15877
6.2	0.00162503	0.00648955	0.014562	0.0257898	0.0401	0.153968
6.3	0.00157388	0.0062856	0.0141055	0.0249844	0.0388537	0.149376
6.4	0.0015251	0.00609111	0.0136702	0.024216	0.0376644	0.144983
6.5	0.00147856	0.0059055	0.0132546	0.0234825	0.0365286	0.140777
6.6	0.00143412	0.00572824	0.0128577	0.0227817	0.0354432	0.136748
6.7	0.00139165	0.00555884	0.0124784	0.0221118	0.0344053	0.132886
6.8	0.00135103	0.00539684	0.0121155	0.0214708	0.0334122	0.129183
6.9	0.00131218	0.00524181	0.0117683	0.0208573	0.0324613	0.12563
7	0.00127497	0.00509337	0.0114357	0.0202697	0.0315502	0.122219
7.1	0.00123932	0.00495114	0.0111171	0.0197065	0.0306769	0.118943
7.2	0.00120515	0.00481478	0.0108115	0.0191664	0.0298392	0.115795
7.3	0.00117237	0.00468398	0.0105184	0.0186482	0.0290352	0.112769
7.4	0.00114091	0.00455843	0.010237	0.0181506	0.0282632	0.109858
7.5	0.0011107	0.00443786	0.00996671	0.0176727	0.0275215	0.107056
7.6	0.00108167	0.00432201	0.009707	0.0172133	0.0268085	0.104359
7.7	0.00105377	0.00421064	0.0094573	0.0167716	0.0261228	0.101762
7.8	0.00102693	0.00410351	0.0092171	0.0163467	0.025463	0.0992586
7.9	0.00100111	0.00400042	0.00898593	0.0159377	0.0248278	0.0968456
8	0.000976245	0.00390116	0.00876334	0.0155438	0.024216	0.0945184
8.1	0.000952296	0.00380556	0.00854892	0.0151643	0.0236265	0.0922732
8.2	0.000929218	0.00371342	0.00834226	0.0147985	0.0230582	0.0901061
8.3	0.000906969	0.00362458	0.00814299	0.0144458	0.0225101	0.0880137
8.4	0.000885509	0.0035389	0.00795078	0.0141055	0.0219813	0.0859925
8.5	0.000864802	0.00345622	0.00776528	0.0137771	0.0214708	0.0840394
8.6	0.000844812	0.0033764	0.0075862	0.01346	0.0209779	0.0821514
8.7	0.000825508	0.00329931	0.00741324	0.0131537	0.0205018	0.0803257
8.8	0.000806858	0.00322483	0.00724612	0.0128577	0.0200416	0.0785596
8.9	0.000788833	0.00315285	0.00708458	0.0125716	0.0195967	0.0768506
9	0.000771405	0.00308325	0.00692838	0.012295	0.0191664	0.0751962
9.1	0.000754548	0.00301592	0.00677729	0.0120273	0.0187501	0.0735942
9.2	0.000738238	0.00295078	0.00663108	0.0117683	0.0183472	0.0720424
9.3	0.000722451	0.00288772	0.00648955	0.0115175	0.0179571	0.0705387
9.4	0.000707165	0.00282667	0.0063525	0.0112747	0.0175794	0.0690813
9.5	0.000692359	0.00276753	0.00621975	0.0110395	0.0172133	0.0676681
9.6	0.000678013	0.00271022	0.00609111	0.0108115	0.0168586	0.0662976
9.7	0.000664109	0.00265468	0.00596641	0.0105905	0.0165147	0.0649679
9.8	0.000650627	0.00260082	0.00584551	0.0103762	0.0161812	0.0636776
9.9	0.000637552	0.00254859	0.00572824	0.0101684	0.0158577	0.062425
10	0.000624868	0.00249792	0.00561446	0.00996671	0.0155438	0.0612087
10.1	0.000612558	0.00244874	0.00550404	0.00977097	0.0152391	0.0600274
10.2	0.000600608	0.002401	0.00539684	0.00958093	0.0149432	0.0588797
10.3	0.000589005	0.00235464	0.00529274	0.00939638	0.0146559	0.0577644
10.4	0.000577734	0.00230961	0.00519162	0.0092171	0.0143768	0.0566803
10.5	0.000566784	0.00226586	0.00509337	0.0090429	0.0141055	0.0556262
10.6	0.000556143	0.00222334	0.00499788	0.00887359	0.0138419	0.054601
10.7	0.000545798	0.00218201	0.00490505	0.00870899	0.0135855	0.0536038
10.8	0.000535739	0.00214181	0.00481478	0.00854892	0.0133362	0.0526334
10.9	0.000525956	0.00210272	0.00472698	0.00839321	0.0130937	0.051689
11	0.000516438	0.00206469	0.00464156	0.00824172	0.0128577	0.0507697
11.1	0.000507177	0.00202768	0.00455843	0.00809429	0.0126281	0.0498745
11.2	0.000498162	0.00199166	0.00447752	0.00795078	0.0124045	0.0490026
11.3	0.000489386	0.00195659	0.00439873	0.00781104	0.0121868	0.0481533
11.4	0.000480839	0.00192243	0.00432201	0.00767496	0.0119748	0.0473257
11.5	0.000472514	0.00188917	0.00424728	0.0075424	0.0117683	0.0465192
11.6	0.000464404	0.00185675	0.00417447	0.00741324	0.011567	0.045733
11.7	0.0004565	0.00182517	0.00410351	0.00728736	0.0113709	0.0449665
11.8	0.000448797	0.00179438	0.00403435	0.00716467	0.0111797	0.0442189
11.9	0.000441287	0.00176437	0.00396692	0.00704504	0.0109933	0.0434898
12	0.000433964	0.00173511	0.00390116	0.00692838	0.0108115	0.0427785
12.1	0.000426822	0.00170656	0.00383703	0.0068146	0.0106342	0.0420844
12.2	0.000419855	0.00167871	0.00377447	0.00670359	0.0104612	0.0414069
12.3	0.000413056	0.00165154	0.00371342	0.00659527	0.0102923	0.0407456
12.4	0.000406422	0.00162503	0.00365384	0.00648955	0.0101276	0.0401
12.5	0.000399946	0.00159915	0.00359568	0.00638636	0.00996671	0.0394695
12.6	0.000393624	0.00157388	0.0035389	0.0062856	0.00980965	0.0388537
12.7	0.00038745	0.0015492	0.00348345	0.00618721	0.00965628	0.0382521
12.8	0.000381421	0.0015251	0.0034293	0.00609111	0.00950646	0.0376644
12.9	0.000375531	0.00150156	0.0033764	0.00599723	0.00936011	0.03709
13	0.000369777	0.00147856	0.00332471	0.0059055	0.0092171	0.0365286
13.1	0.000364154	0.00145608	0.0032742	0.00581586	0.00907735	0.0359798
13.2	0.000358658	0.00143412	0.00322483	0.00572824	0.00894074	0.0354432
13.3	0.000353285	0.00141264	0.00317657	0.00564259	0.0088072	0.0349185
13.4	0.000348033	0.00139165	0.00312939	0.00555884	0.00867662	0.0344053
13.5	0.000342896	0.00137112	0.00308325	0.00547694	0.00854892	0.0339033
13.6	0.000337873	0.00135103	0.00303812	0.00539684	0.00842401	0.0334122
13.7	0.000332959	0.00133139	0.00299397	0.00531848	0.00830182	0.0329316
13.8	0.000328152	0.00131218	0.00295078	0.00524181	0.00818227	0.0324613
13.9	0.000323448	0.00129337	0.00290852	0.00516679	0.00806528	0.0320009
14	0.000318844	0.00127497	0.00286715	0.00509337	0.00795078	0.0315502
14.1	0.000314338	0.00125696	0.00282667	0.0050215	0.0078387	0.031109
14.2	0.000309927	0.00123932	0.00278703	0.00495114	0.00772896	0.0306769
14.3	0.000305608	0.00122206	0.00274822	0.00488225	0.00762152	0.0302537
14.4	0.000301378	0.00120515	0.00271022	0.00481478	0.0075163	0.0298392
14.5	0.000297236	0.00118859	0.002673	0.00474871	0.00741324	0.0294331
14.6	0.000293179	0.00117237	0.00263654	0.00468398	0.00731228	0.0290352
14.7	0.000289204	0.00115648	0.00260082	0.00462057	0.00721337	0.0286454
14.8	0.000285309	0.00114091	0.00256583	0.00455843	0.00711645	0.0282632
14.9	0.000281493	0.00112565	0.00253153	0.00449754	0.00702147	0.0278887
15	0.000277753	0.0011107	0.00249792	0.00443786	0.00692838	0.0275215
15.1	0.000274086	0.00109604	0.00246497	0.00437936	0.00683713	0.0271615
15.2	0.000270492	0.00108167	0.00243267	0.00432201	0.00674766	0.0268085
15.3	0.000266968	0.00106759	0.002401	0.00426578	0.00665994	0.0264624
15.4	0.000263513	0.00105377	0.00236994	0.00421064	0.00657392	0.0261228
15.5	0.000260124	0.00104022	0.00233948	0.00415656	0.00648955	0.0257898
15.6	0.0002568	0.00102693	0.00230961	0.00410351	0.0064068	0.025463
15.7	0.000253539	0.0010139	0.0022803	0.00405147	0.00632561	0.0251424
15.8	0.00025034	0.00100111	0.00225155	0.00400042	0.00624596	0.0248278
15.9	0.000247201	0.000988559	0.00222334	0.00395032	0.00616781	0.0245191
16	0.000244121	0.000976245	0.00219566	0.00390116	0.00609111	0.024216
16.1	0.000241098	0.000964159	0.00216848	0.00385292	0.00601583	0.0239186
16.2	0.000238131	0.000952296	0.00214181	0.00380556	0.00594193	0.0236265
16.3	0.000235219	0.000940651	0.00211563	0.00375906	0.00586939	0.0233398
16.4	0.000232359	0.000929218	0.00208993	0.00371342	0.00579817	0.0230582
16.5	0.000229551	0.000917992	0.00206469	0.0036686	0.00572824	0.0227817
16.6	0.000226794	0.000906969	0.00203991	0.00362458	0.00565956	0.0225101
16.7	0.000224086	0.000896142	0.00201557	0.00358136	0.00559211	0.0222434
16.8	0.000221427	0.000885509	0.00199166	0.0035389	0.00552586	0.0219813
16.9	0.000218814	0.000875063	0.00196817	0.00349719	0.00546078	0.0217238
17	0.000216248	0.000864802	0.0019451	0.00345622	0.00539684	0.0214708
17.1	0.000213726	0.000854719	0.00192243	0.00341596	0.00533401	0.0212222
17.2	0.000211248	0.000844812	0.00190016	0.0033764	0.00527228	0.0209779
17.3	0.000208813	0.000835077	0.00187827	0.00333752	0.00521161	0.0207378
17.4	0.00020642	0.000825508	0.00185675	0.00329931	0.00515198	0.0205018
17.5	0.000204068	0.000816103	0.00183561	0.00326175	0.00509337	0.0202697
17.6	0.000201756	0.000806858	0.00181482	0.00322483	0.00503575	0.0200416
17.7	0.000199483	0.000797769	0.00179438	0.00318854	0.00497911	0.0198173
17.8	0.000197248	0.000788833	0.00177429	0.00315285	0.00492341	0.0195967
17.9	0.00019505	0.000780046	0.00175453	0.00311776	0.00486864	0.0193798
18	0.000192889	0.000771405	0.00173511	0.00308325	0.00481478	0.0191664
18.1	0.000190764	0.000762907	0.001716	0.00304931	0.00476181	0.0189566
18.2	0.000188673	0.000754548	0.0016972	0.00301592	0.00470971	0.0187501
18.3	0.000186617	0.000746326	0.00167871	0.00298308	0.00465846	0.018547
18.4	0.000184594	0.000738238	0.00166053	0.00295078	0.00460804	0.0183472
18.5	0.000182604	0.000730281	0.00164263	0.002919	0.00455843	0.0181506
18.6	0.000180646	0.000722451	0.00162503	0.00288772	0.00450962	0.0179571
18.7	0.000178719	0.000714747	0.0016077	0.00285695	0.00446159	0.0177667
18.8	0.000176823	0.000707165	0.00159066	0.00282667	0.00441432	0.0175794
18.9	0.000174957	0.000699703	0.00157388	0.00279686	0.0043678	0.0173949
19	0.00017312	0.000692359	0.00155736	0.00276753	0.00432201	0.0172133
19.1	0.000171312	0.00068513	0.00154111	0.00273865	0.00427694	0.0170346
19.2	0.000169533	0.000678013	0.0015251	0.00271022	0.00423257	0.0168586
19.3	0.00016778	0.000671007	0.00150935	0.00268223	0.00418888	0.0166853
19.4	0.000166055	0.000664109	0.00149383	0.00265468	0.00414587	0.0165147
19.5	0.000164357	0.000657316	0.00147856	0.00262754	0.00410351	0.0163467
19.6	0.000162684	0.000650627	0.00146352	0.00260082	0.0040618	0.0161812
19.7	0.000161037	0.00064404	0.00144871	0.00257451	0.00402073	0.0160182
19.8	0.000159414	0.000637552	0.00143412	0.00254859	0.00398027	0.0158577
19.9	0.000157816	0.000631162	0.00141975	0.00252306	0.00394042	0.0156996
20	0.000156242	0.000624868	0.00140559	0.00249792	0.00390116	0.0155438
20.1	0.000154691	0.000618667	0.00139165	0.00247314	0.00386249	0.0153903
20.2	0.000153163	0.000612558	0.00137791	0.00244874	0.00382439	0.0152391
20.3	0.000151658	0.000606539	0.00136437	0.00242469	0.00378686	0.0150901
20.4	0.000150175	0.000600608	0.00135103	0.002401	0.00374987	0.0149432
20.5	0.000148713	0.000594764	0.00133789	0.00237765	0.00371342	0.0147985
20.6	0.000147273	0.000589005	0.00132494	0.00235464	0.0036775	0.0146559
20.7	0.000145854	0.000583329	0.00131218	0.00233196	0.00364209	0.0145153
20.8	0.000144455	0.000577734	0.00129959	0.00230961	0.0036072	0.0143768
20.9	0.000143076	0.00057222	0.00128719	0.00228758	0.00357281	0.0142402
21	0.000141716	0.000566784	0.00127497	0.00226586	0.0035389	0.0141055
21.1	0.000140376	0.000561426	0.00126292	0.00224445	0.00350547	0.0139727
21.2	0.000139055	0.000556143	0.00125104	0.00222334	0.00347252	0.0138419
21.3	0.000137753	0.000550934	0.00123932	0.00220253	0.00344003	0.0137128
21.4	0.000136468	0.000545798	0.00122777	0.00218201	0.00340799	0.0135855
21.5	0.000135202	0.000540734	0.00121638	0.00216177	0.0033764	0.01346
21.6	0.000133953	0.000535739	0.00120515	0.00214181	0.00334524	0.0133362
21.7	0.000132721	0.000530814	0.00119407	0.00212213	0.00331452	0.0132141
21.8	0.000131506	0.000525956	0.00118315	0.00210272	0.00328421	0.0130937
21.9	0.000130308	0.000521165	0.00117237	0.00208358	0.00325432	0.0129749
22	0.000129126	0.000516438	0.00116174	0.00206469	0.00322483	0.0128577
22.1	0.00012796	0.000511776	0.00115125	0.00204606	0.00319575	0.0127421
22.2	0.00012681	0.000507177	0.00114091	0.00202768	0.00316705	0.0126281
22.3	0.000125675	0.000502639	0.0011307	0.00200955	0.00313874	0.0125156
22.4	0.000124556	0.000498162	0.00112064	0.00199166	0.00311081	0.0124045
22.5	0.000123451	0.000493745	0.0011107	0.00197401	0.00308325	0.012295
22.6	0.000122361	0.000489386	0.0011009	0.00195659	0.00305605	0.0121868
22.7	0.000121285	0.000485084	0.00109122	0.0019394	0.00302921	0.0120801
22.8	0.000120224	0.000480839	0.00108167	0.00192243	0.00300272	0.0119748
22.9	0.000119176	0.000476649	0.00107225	0.00190569	0.00297658	0.0118709
23	0.000118142	0.000472514	0.00106295	0.00188917	0.00295078	0.0117683
23.1	0.000117121	0.000468433	0.00105377	0.00187286	0.00292531	0.011667
23.2	0.000116114	0.000464404	0.00104471	0.00185675	0.00290017	0.011567
23.3	0.000115119	0.000460427	0.00103576	0.00184086	0.00287536	0.0114684
23.4	0.000114138	0.0004565	0.00102693	0.00182517	0.00285086	0.0113709
23.5	0.000113168	0.000452624	0.00101821	0.00180968	0.00282667	0.0112747
23.6	0.000112211	0.000448797	0.00100961	0.00179438	0.00280279	0.0111797
23.7	0.000111266	0.000445018	0.00100111	0.00177928	0.00277921	0.0110859
23.8	0.000110333	0.000441287	0.000992716	0.00176437	0.00275592	0.0109933
23.9	0.000109412	0.000437603	0.000984428	0.00174965	0.00273293	0.0109018
24	0.000108502	0.000433964	0.000976245	0.00173511	0.00271022	0.0108115
24.1	0.000107604	0.000430371	0.000968162	0.00172074	0.0026878	0.0107223
24.2	0.000106716	0.000426822	0.00096018	0.00170656	0.00266565	0.0106342
24.3	0.00010584	0.000423317	0.000952296	0.00169255	0.00264377	0.0105471
24.4	0.000104974	0.000419855	0.000944509	0.00167871	0.00262217	0.0104612
24.5	0.000104119	0.000416435	0.000936817	0.00166505	0.00260082	0.0103762
24.6	0.000103274	0.000413056	0.000929218	0.00165154	0.00257974	0.0102923
24.7	0.000102439	0.000409719	0.000921711	0.00163821	0.00255891	0.0102095
24.8	0.000101615	0.000406422	0.000914295	0.00162503	0.00253833	0.0101276
24.9	0.0001008	0.000403165	0.000906969	0.00161201	0.002518	0.0100467
25	9.99956e-05	0.000399946	0.000899729	0.00159915	0.00249792	0.00996671
25.1	9.92005e-05	0.000396766	0.000892577	0.00158644	0.00247807	0.00988771
25.2	9.84147e-05	0.000393624	0.000885509	0.00157388	0.00245846	0.00980965
25.3	9.76383e-05	0.000390519	0.000878525	0.00156147	0.00243908	0.00973251
25.4	9.6871e-05	0.00038745	0.000871623	0.0015492	0.00241992	0.00965628
25.5	9.61127e-05	0.000384418	0.000864802	0.00153708	0.002401	0.00958093
25.6	9.53633e-05	0.000381421	0.000858061	0.0015251	0.00238229	0.00950646
25.7	9.46226e-05	0.000378459	0.000851398	0.00151326	0.0023638	0.00943286
25.8	9.38905e-05	0.000375531	0.000844812	0.00150156	0.00234553	0.00936011
25.9	9.31669e-05	0.000372637	0.000838303	0.00148999	0.00232746	0.00928819
26	9.24516e-05	0.000369777	0.000831869	0.00147856	0.00230961	0.0092171
26.1	9.17445e-05	0.000366949	0.000825508	0.00146726	0.00229196	0.00914683
26.2	9.10455e-05	0.000364154	0.00081922	0.00145608	0.00227451	0.00907735
26.3	9.03544e-05	0.00036139	0.000813004	0.00144504	0.00225726	0.00900866
26.4	8.96712e-05	0.000358658	0.000806858	0.00143412	0.0022402	0.00894074
26.5	8.89957e-05	0.000355956	0.000800782	0.00142332	0.00222334	0.00887359
26.6	8.83279e-05	0.000353285	0.000794774	0.00141264	0.00220667	0.0088072
26.7	8.76675e-05	0.000350644	0.000788833	0.00140209	0.00219018	0.00874154
26.8	8.70144e-05	0.000348033	0.000782959	0.00139165	0.00217388	0.00867662
26.9	8.63687e-05	0.00034545	0.00077715	0.00138132	0.00215776	0.00861241
27	8.57301e-05	0.000342896	0.000771405	0.00137112	0.00214181	0.00854892
27.1	8.50986e-05	0.000340371	0.000765724	0.00136102	0.00212605	0.00848612
27.2	8.4474e-05	0.000337873	0.000760105	0.00135103	0.00211046	0.00842401
27.3	8.38563e-05	0.000335403	0.000754548	0.00134116	0.00209503	0.00836258
27.4	8.32453e-05	0.000332959	0.000749052	0.00133139	0.00207978	0.00830182
27.5	8.26409e-05	0.000330542	0.000743616	0.00132173	0.00206469	0.00824172
27.6	8.20432e-05	0.000328152	0.000738238	0.00131218	0.00204977	0.00818227
27.7	8.14519e-05	0.000325787	0.000732919	0.00130272	0.002035	0.00812346
27.8	8.08669e-05	0.000323448	0.000727657	0.00129337	0.0020204	0.00806528
27.9	8.02883e-05	0.000321133	0.000722451	0.00128412	0.00200595	0.00800772
28	7.97158e-05	0.000318844	0.000717301	0.00127497	0.00199166	0.00795078
28.1	7.91494e-05	0.000316579	0.000712206	0.00126591	0.00197752	0.00789444
28.2	7.85891e-05	0.000314338	0.000707165	0.00125696	0.00196353	0.0078387
28.3	7.80346e-05	0.000312121	0.000702177	0.00124809	0.00194968	0.00778354
28.4	7.74861e-05	0.000309927	0.000697242	0.00123932	0.00193599	0.00772896
28.5	7.69433e-05	0.000307756	0.000692359	0.00123064	0.00192243	0.00767496
28.6	7.64061e-05	0.000305608	0.000687527	0.00122206	0.00190902	0.00762152
28.7	7.58746e-05	0.000303482	0.000682745	0.00121356	0.00189575	0.00756863
28.8	7.53486e-05	0.000301378	0.000678013	0.00120515	0.00188262	0.0075163
28.9	7.4828e-05	0.000299296	0.00067333	0.00119683	0.00186962	0.0074645
29	7.43129e-05	0.000297236	0.000668695	0.00118859	0.00185675	0.00741324
29.1	7.3803e-05	0.000295197	0.000664109	0.00118044	0.00184402	0.0073625
29.2	7.32984e-05	0.000293179	0.000659569	0.00117237	0.00183142	0.00731228
29.3	7.27989e-05	0.000291181	0.000655075	0.00116438	0.00181895	0.00726257
29.4	7.23045e-05	0.000289204	0.000650627	0.00115648	0.00180661	0.00721337
29.5	7.18151e-05	0.000287247	0.000646225	0.00114866	0.00179438	0.00716467
29.6	7.13307e-05	0.000285309	0.000641867	0.00114091	0.00178229	0.00711645
29.7	7.08511e-05	0.000283391	0.000637552	0.00113324	0.00177031	0.00706872
29.8	7.03764e-05	0.000281493	0.000633282	0.00112565	0.00175846	0.00702147
29.9	6.99064e-05	0.000279613	0.000629054	0.00111814	0.00174672	0.0069747
30	6.94412e-05	0.000277753	0.000624868	0.0011107	0.00173511	0.00692838
30.1	6.89805e-05	0.00027591	0.000620724	0.00110333	0.0017236	0.00688253
30.2	6.85244e-05	0.000274086	0.00061662	0.00109604	0.00171221	0.00683713
30.3	6.80729e-05	0.00027228	0.000612558	0.00108882	0.00170094	0.00679218
30.4	6.76257e-05	0.000270492	0.000608535	0.00108167	0.00168977	0.00674766
30.5	6.7183e-05	0.000268721	0.000604552	0.0010746	0.00167871	0.00670359
30.6	6.67446e-05	0.000266968	0.000600608	0.00106759	0.00166777	0.00665994
30.7	6.63105e-05	0.000265232	0.000596703	0.00106064	0.00165693	0.00661672
30.8	6.58806e-05	0.000263513	0.000592835	0.00105377	0.00164619	0.00657392
30.9	6.54549e-05	0.00026181	0.000589005	0.00104696	0.00163556	0.00653153
31	6.50332e-05	0.000260124	0.000585212	0.00104022	0.00162503	0.00648955
31.1	6.46157e-05	0.000258454	0.000581455	0.00103355	0.0016146	0.00644798
31.2	6.42021e-05	0.0002568	0.000577734	0.00102693	0.00160427	0.0064068
31.3	6.37925e-05	0.000255162	0.000574049	0.00102038	0.00159404	0.00636601
31.4	6.33869e-05	0.000253539	0.0005704	0.0010139	0.00158391	0.00632561
31.5	6.2985e-05	0.000251932	0.000566784	0.00100747	0.00157388	0.0062856
31.6	6.2587e-05	0.00025034	0.000563204	0.00100111	0.00156394	0.00624596
31.7	6.21927e-05	0.000248763	0.000559656	0.000994804	0.00155409	0.0062067
31.8	6.18022e-05	0.000247201	0.000556143	0.000988559	0.00154434	0.00616781
31.9	6.14153e-05	0.000245654	0.000552662	0.000982373	0.00153467	0.00612928
32	6.10321e-05	0.000244121	0.000549214	0.000976245	0.0015251	0.00609111
32.1	6.06524e-05	0.000242603	0.000545798	0.000970173	0.00151562	0.00605329
32.2	6.02762e-05	0.000241098	0.000542414	0.000964159	0.00150623	0.00601583
32.3	5.99036e-05	0.000239608	0.000539061	0.0009582	0.00149692	0.00597871
32.4	5.95344e-05	0.000238131	0.000535739	0.000952296	0.0014877	0.00594193
32.5	5.91686e-05	0.000236668	0.000532448	0.000946447	0.00147856	0.0059055
32.6	5.88061e-05	0.000235219	0.000529187	0.000940651	0.00146951	0.00586939
32.7	5.8447e-05	0.000233782	0.000525956	0.000934908	0.00146054	0.00583362
32.8	5.80911e-05	0.000232359	0.000522755	0.000929218	0.00145165	0.00579817
32.9	5.77385e-05	0.000230949	0.000519582	0.000923579	0.00144284	0.00576305
33	5.73891e-05	0.000229551	0.000516438	0.000917992	0.00143412	0.00572824
33.1	5.70428e-05	0.000228167	0.000513323	0.000912455	0.00142547	0.00569375
33.2	5.66997e-05	0.000226794	0.000510236	0.000906969	0.0014169	0.00565956
33.3	5.63597e-05	0.000225434	0.000507177	0.000901531	0.00140841	0.00562569
33.4	5.60227e-05	0.000224086	0.000504145	0.000896142	0.00139999	0.00559211
33.5	5.56887e-05	0.000222751	0.00050114	0.000890802	0.00139165	0.00555884
33.6	5.53577e-05	0.000221427	0.000498162	0.000885509	0.00138338	0.00552586
33.7	5.50297e-05	0.000220115	0.00049521	0.000880263	0.00137518	0.00549317
33.8	5.47045e-05	0.000218814	0.000492285	0.000875063	0.00136706	0.00546078
33.9	5.43822e-05	0.000217525	0.000489386	0.00086991	0.00135901	0.00542867
34	5.40628e-05	0.000216248	0.000486511	0.000864802	0.00135103	0.00539684
34.1	5.37462e-05	0.000214982	0.000483663	0.000859738	0.00134313	0.00536529
34.2	5.34323e-05	0.000213726	0.000480839	0.000854719	0.00133529	0.00533401
34.3	5.31212e-05	0.000212482	0.00047804	0.000849744	0.00132752	0.00530301
34.4	5.28128e-05	0.000211248	0.000475265	0.000844812	0.00131981	0.00527228
34.5	5.25071e-05	0.000210026	0.000472514	0.000839923	0.00131218	0.00524181
34.6	5.2204e-05	0.000208813	0.000469787	0.000835077	0.0013046	0.00521161
34.7	5.19035e-05	0.000207612	0.000467084	0.000830272	0.0012971	0.00518167
34.8	5.16057e-05	0.00020642	0.000464404	0.000825508	0.00128966	0.00515198
34.9	5.13103e-05	0.000205239	0.000461747	0.000820786	0.00128228	0.00512255
35	5.10175e-05	0.000204068	0.000459112	0.000816103	0.00127497	0.00509337
35.1	5.07272e-05	0.000202907	0.0004565	0.000811461	0.00126772	0.00506444
35.2	5.04394e-05	0.000201756	0.000453911	0.000806858	0.00126053	0.00503575
35.3	5.0154e-05	0.000200615	0.000451343	0.000802294	0.0012534	0.00500731
35.4	4.98711e-05	0.000199483	0.000448797	0.000797769	0.00124633	0.00497911
35.5	4.95905e-05	0.000198361	0.000446273	0.000793282	0.00123932	0.00495114
35.6	4.93123e-05	0.000197248	0.000443769	0.000788833	0.00123237	0.00492341
35.7	4.90364e-05	0.000196144	0.000441287	0.000784421	0.00122548	0.00489591
35.8	4.87628e-05	0.00019505	0.000438826	0.000780046	0.00121865	0.00486864
35.9	4.84915e-05	0.000193965	0.000436385	0.000775707	0.00121187	0.0048416
36	4.82225e-05	0.000192889	0.000433964	0.000771405	0.00120515	0.00481478
36.1	4.79557e-05	0.000191822	0.000431564	0.000767138	0.00119848	0.00478819
36.2	4.76911e-05	0.000190764	0.000429183	0.000762907	0.00119187	0.00476181
36.3	4.74287e-05	0.000189714	0.000426822	0.00075871	0.00118532	0.00473565
36.4	4.71685e-05	0.000188673	0.00042448	0.000754548	0.00117882	0.00470971
36.5	4.69103e-05	0.000187641	0.000422158	0.00075042	0.00117237	0.00468398
36.6	4.66543e-05	0.000186617	0.000419855	0.000746326	0.00116597	0.00465846
36.7	4.64004e-05	0.000185602	0.00041757	0.000742266	0.00115963	0.00463315
36.8	4.61486e-05	0.000184594	0.000415304	0.000738238	0.00115334	0.00460804
36.9	4.58988e-05	0.000183595	0.000413056	0.000734243	0.0011471	0.00458313
37	4.5651e-05	0.000182604	0.000410827	0.000730281	0.00114091	0.00455843
37.1	4.54052e-05	0.000181621	0.000408616	0.00072635	0.00113477	0.00453393
37.2	4.51614e-05	0.000180646	0.000406422	0.000722451	0.00112868	0.00450962
37.3	4.49196e-05	0.000179679	0.000404246	0.000718583	0.00112264	0.00448551
37.4	4.46797e-05	0.000178719	0.000402088	0.000714747	0.00111665	0.00446159
37.5	4.44417e-05	0.000177767	0.000399946	0.000710941	0.0011107	0.00443786
37.6	4.42056e-05	0.000176823	0.000397822	0.000707165	0.0011048	0.00441432
37.7	4.39714e-05	0.000175886	0.000395715	0.000703419	0.00109895	0.00439097
37.8	4.37391e-05	0.000174957	0.000393624	0.000699703	0.00109315	0.0043678
37.9	4.35086e-05	0.000174035	0.00039155	0.000696017	0.00108739	0.00434482
38	4.32799e-05	0.00017312	0.000389492	0.000692359	0.00108167	0.00432201
38.1	4.3053e-05	0.000172213	0.00038745	0.00068873	0.00107601	0.00429939
38.2	4.28278e-05	0.000171312	0.000385425	0.00068513	0.00107038	0.00427694
38.3	4.26045e-05	0.000170419	0.000383415	0.000681558	0.0010648	0.00425467
38.4	4.23829e-05	0.000169533	0.000381421	0.000678013	0.00105926	0.00423257
38.5	4.2163e-05	0.000168653	0.000379442	0.000674496	0.00105377	0.00421064
38.6	4.19448e-05	0.00016778	0.000377479	0.000671007	0.00104832	0.00418888
38.7	4.17283e-05	0.000166915	0.000375531	0.000667544	0.00104291	0.00416729
38.8	4.15135e-05	0.000166055	0.000373598	0.000664109	0.00103754	0.00414587
38.9	4.13003e-05	0.000165203	0.00037168	0.000660699	0.00103222	0.00412461
39	4.10887e-05	0.000164357	0.000369777	0.000657316	0.00102693	0.00410351
39.1	4.08788e-05	0.000163517	0.000367888	0.000653959	0.00102169	0.00408258
39.2	4.06705e-05	0.000162684	0.000366014	0.000650627	0.00101648	0.0040618
39.3	4.04638e-05	0.000161857	0.000364154	0.000647321	0.00101132	0.00404119
39.4	4.02587e-05	0.000161037	0.000362308	0.00064404	0.00100619	0.00402073
39.5	4.00551e-05	0.000160222	0.000360476	0.000640784	0.00100111	0.00400042
39.6	3.9853e-05	0.000159414	0.000358658	0.000637552	0.00099606	0.00398027
39.7	3.96525e-05	0.000158612	0.000356853	0.000634345	0.00099105	0.00396027
39.8	3.94535e-05	0.000157816	0.000355063	0.000631162	0.000986078	0.00394042
39.9	3.9256e-05	0.000157026	0.000353285	0.000628003	0.000981143	0.00392072
40	3.90599e-05	0.000156242	0.000351521	0.000624868	0.000976245	0.00390116
40.1	3.88653e-05	0.000155464	0.000349771	0.000621756	0.000971383	0.00388176
40.2	3.86722e-05	0.000154691	0.000348033	0.000618667	0.000966558	0.00386249
40.3	3.84805e-05	0.000153924	0.000346308	0.000615601	0.000961769	0.00384337
40.4	3.82902e-05	0.000153163	0.000344596	0.000612558	0.000957015	0.00382439
40.5	3.81014e-05	0.000152408	0.000342896	0.000609537	0.000952296	0.00380556
40.6	3.79139e-05	0.000151658	0.00034121	0.000606539	0.000947612	0.00378686
40.7	3.77278e-05	0.000150914	0.000339535	0.000603563	0.000942963	0.00376829
40.8	3.75431e-05	0.000150175	0.000337873	0.000600608	0.000938347	0.00374987
40.9	3.73597e-05	0.000149442	0.000336223	0.000597675	0.000933766	0.00373158
41	3.71777e-05	0.000148713	0.000334585	0.000594764	0.000929218	0.00371342
41.1	3.6997e-05	0.000147991	0.000332959	0.000591874	0.000924703	0.00369539
41.2	3.68176e-05	0.000147273	0.000331345	0.000589005	0.000920221	0.0036775
41.3	3.66395e-05	0.000146561	0.000329743	0.000586156	0.000915771	0.00365973
41.4	3.64627e-05	0.000145854	0.000328152	0.000583329	0.000911354	0.00364209
41.5	3.62872e-05	0.000145152	0.000326572	0.000580521	0.000906969	0.00362458
41.6	3.6113e-05	0.000144455	0.000325004	0.000577734	0.000902615	0.0036072
41.7	3.594e-05	0.000143763	0.000323448	0.000574967	0.000898292	0.00358994
41.8	3.57682e-05	0.000143076	0.000321902	0.00057222	0.000894	0.00357281
41.9	3.55977e-05	0.000142394	0.000320368	0.000569493	0.000889739	0.00355579
42	3.54284e-05	0.000141716	0.000318844	0.000566784	0.000885509	0.0035389
42.1	3.52602e-05	0.000141044	0.000317331	0.000564096	0.000881308	0.00352213
42.2	3.50933e-05	0.000140376	0.000315829	0.000561426	0.000877138	0.00350547
42.3	3.49276e-05	0.000139713	0.000314338	0.000558775	0.000872997	0.00348894
42.4	3.4763e-05	0.000139055	0.000312857	0.000556143	0.000868885	0.00347252
42.5	3.45996e-05	0.000138402	0.000311387	0.000553529	0.000864802	0.00345622
42.6	3.44374e-05	0.000137753	0.000309927	0.000550934	0.000860748	0.00344003
42.7	3.42762e-05	0.000137108	0.000308477	0.000548357	0.000856722	0.00342395
42.8	3.41163e-05	0.000136468	0.000307037	0.000545798	0.000852724	0.00340799
42.9	3.39574e-05	0.000135833	0.000305608	0.000543257	0.000848754	0.00339214
43	3.37996e-05	0.000135202	0.000304188	0.000540734	0.000844812	0.0033764
43.1	3.3643e-05	0.000134575	0.000302778	0.000538228	0.000840898	0.00336077
43.2	3.34874e-05	0.000133953	0.000301378	0.000535739	0.00083701	0.00334524
43.3	3.33329e-05	0.000133335	0.000299988	0.000533268	0.00083315	0.00332983
43.4	3.31794e-05	0.000132721	0.000298607	0.000530814	0.000829316	0.00331452
43.5	3.30271e-05	0.000132112	0.000297236	0.000528377	0.000825508	0.00329931
43.6	3.28757e-05	0.000131506	0.000295874	0.000525956	0.000821727	0.00328421
43.7	3.27254e-05	0.000130905	0.000294522	0.000523552	0.000817971	0.00326921
43.8	3.25762e-05	0.000130308	0.000293179	0.000521165	0.000814242	0.00325432
43.9	3.24279e-05	0.000129715	0.000291845	0.000518793	0.000810537	0.00323953
44	3.22807e-05	0.000129126	0.00029052	0.000516438	0.000806858	0.00322483
44.1	3.21344e-05	0.000128541	0.000289204	0.000514099	0.000803204	0.00321024
44.2	3.19892e-05	0.00012796	0.000287897	0.000511776	0.000799575	0.00319575
44.3	3.18449e-05	0.000127383	0.000286599	0.000509469	0.00079597	0.00318135
44.4	3.17016e-05	0.00012681	0.000285309	0.000507177	0.000792389	0.00316705
44.5	3.15593e-05	0.000126241	0.000284029	0.0005049	0.000788833	0.00315285
44.6	3.14179e-05	0.000125675	0.000282757	0.000502639	0.0007853	0.00313874
44.7	3.12775e-05	0.000125114	0.000281493	0.000500393	0.000781792	0.00312473
44.8	3.1138e-05	0.000124556	0.000280238	0.000498162	0.000778306	0.00311081
44.9	3.09995e-05	0.000124002	0.000278991	0.000495946	0.000774844	0.00309698
45	3.08619e-05	0.000123451	0.000277753	0.000493745	0.000771405	0.00308325
45.1	3.07251e-05	0.000122904	0.000276522	0.000491558	0.000767989	0.0030696
45.2	3.05893e-05	0.000122361	0.0002753	0.000489386	0.000764595	0.00305605
45.3	3.04544e-05	0.000121821	0.000274086	0.000487228	0.000761224	0.00304258
45.4	3.03204e-05	0.000121285	0.00027288	0.000485084	0.000757875	0.00302921
45.5	3.01873e-05	0.000120753	0.000271682	0.000482954	0.000754548	0.00301592
45.6	3.0055e-05	0.000120224	0.000270492	0.000480839	0.000751243	0.00300272
45.7	2.99236e-05	0.000119698	0.00026931	0.000478737	0.00074796	0.00298961
45.8	2.97931e-05	0.000119176	0.000268135	0.000476649	0.000744698	0.00297658
45.9	2.96634e-05	0.000118657	0.000266968	0.000474575	0.000741458	0.00296364
46	2.95346e-05	0.000118142	0.000265809	0.000472514	0.000738238	0.00295078
46.1	2.94066e-05	0.00011763	0.000264657	0.000470467	0.00073504	0.002938
46.2	2.92794e-05	0.000117121	0.000263513	0.000468433	0.000731862	0.00292531
46.3	2.91531e-05	0.000116616	0.000262376	0.000466412	0.000728705	0.0029127
46.4	2.90275e-05	0.000116114	0.000261246	0.000464404	0.000725568	0.00290017
46.5	2.89028e-05	0.000115615	0.000260124	0.000462409	0.000722451	0.00288772
46.6	2.87789e-05	0.000115119	0.000259009	0.000460427	0.000719354	0.00287536
46.7	2.86558e-05	0.000114627	0.000257901	0.000458457	0.000716278	0.00286307
46.8	2.85334e-05	0.000114138	0.0002568	0.0004565	0.000713221	0.00285086
46.9	2.84119e-05	0.000113651	0.000255706	0.000454556	0.000710183	0.00283872
47	2.82911e-05	0.000113168	0.000254619	0.000452624	0.000707165	0.00282667
47.1	2.81711e-05	0.000112688	0.000253539	0.000450705	0.000704166	0.00281469
47.2	2.80518e-05	0.000112211	0.000252466	0.000448797	0.000701186	0.00280279
47.3	2.79333e-05	0.000111737	0.0002514	0.000446902	0.000698225	0.00279096
47.4	2.78156e-05	0.000111266	0.00025034	0.000445018	0.000695283	0.00277921
47.5	2.76986e-05	0.000110798	0.000249287	0.000443147	0.000692359	0.00276753
47.6	2.75823e-05	0.000110333	0.000248241	0.000441287	0.000689454	0.00275592
47.7	2.74668e-05	0.000109871	0.000247201	0.000439439	0.000686567	0.00274439
47.8	2.7352e-05	0.000109412	0.000246168	0.000437603	0.000683697	0.00273293
47.9	2.72379e-05	0.000108956	0.000245142	0.000435778	0.000680846	0.00272154
48	2.71245e-05	0.000108502	0.000244121	0.000433964	0.000678013	0.00271022
48.1	2.70119e-05	0.000108051	0.000243107	0.000432162	0.000675197	0.00269897
48.2	2.68999e-05	0.000107604	0.0002421	0.000430371	0.000672399	0.0026878
48.3	2.67886e-05	0.000107159	0.000241098	0.000428591	0.000669619	0.00267669
48.4	2.6678e-05	0.000106716	0.000240103	0.000426822	0.000666855	0.00266565
48.5	2.65681e-05	0.000106277	0.000239114	0.000425064	0.000664109	0.00265468
48.6	2.64589e-05	0.00010584	0.000238131	0.000423317	0.000661379	0.00264377
48.7	2.63503e-05	0.000105405	0.000237154	0.00042158	0.000658666	0.00263294
48.8	2.62425e-05	0.000104974	0.000236184	0.000419855	0.00065597	0.00262217
48.9	2.61352e-05	0.000104545	0.000235219	0.000418139	0.000653291	0.00261146
49	2.60287e-05	0.000104119	0.00023426	0.000416435	0.000650627	0.00260082
49.1	2.59227e-05	0.000103695	0.000233306	0.00041474	0.00064798	0.00259025
49.2	2.58175e-05	0.000103274	0.000232359	0.000413056	0.00064535	0.00257974
49.3	2.57128e-05	0.000102855	0.000231417	0.000411383	0.000642735	0.00256929
49.4	2.56088e-05	0.000102439	0.000230482	0.000409719	0.000640136	0.00255891
49.5	2.55055e-05	0.000102026	0.000229551	0.000408066	0.000637552	0.00254859
49.6	2.54027e-05	0.000101615	0.000228627	0.000406422	0.000634985	0.00253833
49.7	2.53006e-05	0.000101206	0.000227708	0.000404788	0.000632433	0.00252814
49.8	2.51991e-05	0.0001008	0.000226794	0.000403165	0.000629896	0.002518
49.9	2.50982e-05	0.000100397	0.000225886	0.000401551	0.000627374	0.00250793
