0.1	0.999574	0.999574	1	1	1	1
0.2	0.999574	0.999574	0.997495	0.999574	1	1
0.3	0.999574	0.999574	0.999574	0.999574	0.998955	1
0.4	0.940512	0.999574	0.997495	0.999574	0.999293	1
0.5	0.830331	0.999574	0.999942	0.999574	0.999574	0.999574
0.6	0.728766	0.999574	0.999574	0.999574	0.997495	0.998955
0.7	0.644152	0.985048	0.99961	0.999574	1	0.990082
0.8	0.57487	0.940512	0.999991	0.999574	0.998531	0.999293
0.9	0.517911	0.885894	0.999574	0.999574	0.999884	0.999884
1	0.470602	0.830331	0.994477	0.999574	0.999574	0.999574
1.1	0.43085	0.777515	0.972285	0.999574	0.999679	0.997851
1.2	0.397066	0.728766	0.940512	0.999574	0.999921	0.997495
1.3	0.36805	0.684367	0.904499	0.997537	0.999477	0.999477
1.4	0.342889	0.644152	0.867224	0.985048	1	1
1.5	0.320881	0.607783	0.830331	0.964977	0.999574	0.999574
1.6	0.301479	0.57487	0.794704	0.940512	0.99873	0.998531
1.7	0.284256	0.545031	0.760786	0.913708	0.991182	0.999144
1.8	0.268868	0.517911	0.728766	0.885894	0.977719	0.999884
1.9	0.255042	0.493194	0.698688	0.857921	0.960356	0.999967
2	0.242553	0.470602	0.670512	0.830331	0.940512	0.999574
2.1	0.231219	0.449891	0.644152	0.803462	0.919184	0.998896
2.2	0.220888	0.43085	0.619502	0.777515	0.897078	0.999679
2.3	0.211434	0.413295	0.596447	0.7526	0.874688	0.999984
2.4	0.202749	0.397066	0.57487	0.728766	0.852359	0.999921
2.5	0.194746	0.382025	0.554658	0.706027	0.830331	0.999574
2.6	0.187347	0.36805	0.535705	0.684367	0.808767	0.999477
2.7	0.180486	0.355036	0.517911	0.663755	0.787775	0.999884
2.8	0.174107	0.342889	0.501184	0.644152	0.767421	1
2.9	0.168162	0.331528	0.48544	0.625511	0.747746	0.999881
3	0.162607	0.320881	0.470602	0.607783	0.728766	0.999574
3.1	0.157406	0.310883	0.4566	0.590919	0.710488	0.999749
3.2	0.152527	0.301479	0.443369	0.57487	0.692903	0.99873
3.3	0.147939	0.292619	0.43085	0.559589	0.675999	0.995851
3.4	0.143619	0.284256	0.418992	0.545031	0.659755	0.991182
3.5	0.139543	0.276351	0.407745	0.531152	0.644152	0.985048
3.6	0.135691	0.268868	0.397066	0.517911	0.629164	0.977719
3.7	0.132045	0.261775	0.386915	0.505271	0.614767	0.969425
3.8	0.12859	0.255042	0.377254	0.493194	0.600936	0.960356
3.9	0.12531	0.248643	0.36805	0.481649	0.587645	0.950674
4	0.122193	0.242553	0.359273	0.470602	0.57487	0.940512
4.1	0.119228	0.236752	0.350895	0.460026	0.562586	0.929984
4.2	0.116402	0.231219	0.342889	0.449891	0.55077	0.919184
4.3	0.113707	0.225937	0.335232	0.440174	0.5394	0.908194
4.4	0.111133	0.220888	0.327903	0.43085	0.528454	0.897078
4.5	0.108674	0.216058	0.320881	0.421897	0.517911	0.885894
4.6	0.10632	0.211434	0.314147	0.413295	0.507752	0.874688
4.7	0.104066	0.207001	0.307685	0.405024	0.497959	0.863498
4.8	0.101906	0.202749	0.301479	0.397066	0.488514	0.852359
4.9	0.0998332	0.198668	0.295515	0.389405	0.479401	0.841296
5	0.097843	0.194746	0.289778	0.382025	0.470602	0.830331
5.1	0.0959305	0.190975	0.284256	0.374911	0.462105	0.819484
5.2	0.0940912	0.187347	0.278937	0.36805	0.453894	0.808767
5.3	0.092321	0.183852	0.273812	0.361429	0.445956	0.798195
5.4	0.0906161	0.180486	0.268868	0.355036	0.438279	0.787775
5.5	0.088973	0.177239	0.264098	0.348859	0.43085	0.777515
5.6	0.0873882	0.174107	0.259492	0.342889	0.423659	0.767421
5.7	0.0858589	0.171083	0.255042	0.337115	0.416695	0.757497
5.8	0.0843822	0.168162	0.25074	0.331528	0.409948	0.747746
5.9	0.0829553	0.165338	0.24658	0.326119	0.403408	0.738168
6	0.0815758	0.162607	0.242553	0.320881	0.397066	0.728766
6.1	0.0802414	0.159965	0.238655	0.315804	0.390915	0.71954
6.2	0.0789499	0.157406	0.234879	0.310883	0.384945	0.710488
6.3	0.0776993	0.154928	0.231219	0.30611	0.379149	0.701609
6.4	0.0764876	0.152527	0.227671	0.301479	0.373519	0.692903
6.5	0.0753131	0.150198	0.224229	0.296984	0.36805	0.684367
6.6	0.0741742	0.147939	0.220888	0.292619	0.362735	0.675999
6.7	0.0730691	0.145747	0.217645	0.288378	0.357567	0.667796
6.8	0.0719964	0.143619	0.214495	0.284256	0.35254	0.659755
6.9	0.0709547	0.141551	0.211434	0.280249	0.347649	0.651875
7	0.0699428	0.139543	0.208458	0.276351	0.342889	0.644152
7.1	0.0689592	0.13759	0.205564	0.272559	0.338255	0.636583
7.2	0.068003	0.135691	0.202749	0.268868	0.333741	0.629164
7.3	0.0670728	0.133843	0.20001	0.265275	0.329344	0.621894
7.4	0.0661678	0.132045	0.197343	0.261775	0.325058	0.614767
7.5	0.0652868	0.130295	0.194746	0.258365	0.320881	0.607783
7.6	0.064429	0.12859	0.192216	0.255042	0.316807	0.600936
7.7	0.0635934	0.126929	0.18975	0.251802	0.312834	0.594225
7.8	0.0627791	0.12531	0.187347	0.248643	0.308957	0.587645
7.9	0.0619855	0.123732	0.185003	0.245561	0.305173	0.581195
8	0.0612117	0.122193	0.182716	0.242553	0.301479	0.57487
8.1	0.0604569	0.120692	0.180486	0.239618	0.297872	0.568668
8.2	0.0597205	0.119228	0.178308	0.236752	0.294349	0.562586
8.3	0.0590018	0.117798	0.176183	0.233953	0.290907	0.556621
8.4	0.0583002	0.116402	0.174107	0.231219	0.287544	0.55077
8.5	0.0576151	0.115039	0.172079	0.228548	0.284256	0.545031
8.6	0.0569459	0.113707	0.170098	0.225937	0.281041	0.5394
8.7	0.056292	0.112405	0.168162	0.223384	0.277897	0.533875
8.8	0.055653	0.111133	0.166269	0.220888	0.274822	0.528454
8.9	0.0550283	0.10989	0.164418	0.218447	0.271813	0.523133
9	0.0544175	0.108674	0.162607	0.216058	0.268868	0.517911
9.1	0.0538201	0.107484	0.160836	0.213721	0.265986	0.512785
9.2	0.0532357	0.10632	0.159103	0.211434	0.263164	0.507752
9.3	0.0526638	0.105181	0.157406	0.209194	0.2604	0.502811
9.4	0.052104	0.104066	0.155746	0.207001	0.257694	0.497959
9.5	0.0515561	0.102975	0.154119	0.204853	0.255042	0.493194
9.6	0.0510195	0.101906	0.152527	0.202749	0.252444	0.488514
9.7	0.050494	0.100859	0.150966	0.200688	0.249897	0.483917
9.8	0.0499791	0.0998332	0.149437	0.198668	0.247401	0.479401
9.9	0.0494747	0.0988281	0.147939	0.196687	0.244953	0.474963
10	0.0489804	0.097843	0.14647	0.194746	0.242553	0.470602
10.1	0.0484958	0.0968773	0.145031	0.192842	0.240199	0.466317
10.2	0.0480207	0.0959305	0.143619	0.190975	0.23789	0.462105
10.3	0.0475549	0.095002	0.142234	0.189143	0.235625	0.457964
10.4	0.0470979	0.0940912	0.140875	0.187347	0.233401	0.453894
10.5	0.0466497	0.0931977	0.139543	0.185583	0.231219	0.449891
10.6	0.0462099	0.092321	0.138235	0.183852	0.229077	0.445956
10.7	0.0457784	0.0914606	0.136951	0.182154	0.226974	0.442086
10.8	0.0453548	0.0906161	0.135691	0.180486	0.224909	0.438279
10.9	0.044939	0.089787	0.134453	0.178848	0.22288	0.434534
11	0.0445307	0.088973	0.133238	0.177239	0.220888	0.43085
11.1	0.0441298	0.0881735	0.132045	0.175659	0.218931	0.427226
11.2	0.043736	0.0873882	0.130873	0.174107	0.217007	0.423659
11.3	0.0433492	0.0866169	0.129721	0.172582	0.215117	0.42015
11.4	0.0429692	0.0858589	0.12859	0.171083	0.21326	0.416695
11.5	0.0425958	0.0851142	0.127478	0.16961	0.211434	0.413295
11.6	0.0422288	0.0843822	0.126385	0.168162	0.209638	0.409948
11.7	0.0418681	0.0836627	0.12531	0.166738	0.207873	0.406653
11.8	0.0415135	0.0829553	0.124254	0.165338	0.206137	0.403408
11.9	0.0411648	0.0822598	0.123215	0.163961	0.204429	0.400213
12	0.040822	0.0815758	0.122193	0.162607	0.202749	0.397066
12.1	0.0404848	0.0809031	0.121189	0.161275	0.201097	0.393967
12.2	0.0401531	0.0802414	0.1202	0.159965	0.199471	0.390915
12.3	0.0398268	0.0795904	0.119228	0.158675	0.197871	0.387907
12.4	0.0395058	0.0789499	0.118271	0.157406	0.196296	0.384945
12.5	0.0391899	0.0783196	0.117329	0.156157	0.194746	0.382025
12.6	0.0388791	0.0776993	0.116402	0.154928	0.19322	0.379149
12.7	0.0385731	0.0770887	0.115489	0.153718	0.191718	0.376314
12.8	0.0382719	0.0764876	0.114591	0.152527	0.190238	0.373519
12.9	0.0379754	0.0758958	0.113707	0.151353	0.188781	0.370765
13	0.0376834	0.0753131	0.112836	0.150198	0.187347	0.36805
13.1	0.0373958	0.0747393	0.111978	0.14906	0.185933	0.365374
13.2	0.0371127	0.0741742	0.111133	0.147939	0.184541	0.362735
13.3	0.0368338	0.0736175	0.110301	0.146835	0.183169	0.360133
13.4	0.036559	0.0730691	0.109481	0.145747	0.181818	0.357567
13.5	0.0362883	0.0725288	0.108674	0.144675	0.180486	0.355036
13.6	0.0360216	0.0719964	0.107878	0.143619	0.179173	0.35254
13.7	0.0357588	0.0714718	0.107093	0.142578	0.177879	0.350078
13.8	0.0354998	0.0709547	0.10632	0.141551	0.176604	0.347649
13.9	0.0352445	0.0704451	0.105558	0.14054	0.175347	0.345253
14	0.0349928	0.0699428	0.104807	0.139543	0.174107	0.342889
14.1	0.0347448	0.0694475	0.104066	0.138559	0.172885	0.340556
14.2	0.0345002	0.0689592	0.103336	0.13759	0.171679	0.338255
14.3	0.034259	0.0684778	0.102616	0.136634	0.170491	0.335983
14.4	0.0340212	0.068003	0.101906	0.135691	0.169318	0.333741
14.5	0.0337867	0.0675347	0.101206	0.134761	0.168162	0.331528
14.6	0.0335553	0.0670728	0.100515	0.133843	0.167021	0.329344
14.7	0.0333272	0.0666172	0.0998332	0.132938	0.165895	0.327187
14.8	0.0331021	0.0661678	0.0991609	0.132045	0.164785	0.325058
14.9	0.03288	0.0657243	0.0984976	0.131164	0.163689	0.322956
15	0.0326608	0.0652868	0.097843	0.130295	0.162607	0.320881
15.1	0.0324446	0.0648551	0.0971971	0.129437	0.16154	0.318831
15.2	0.0322313	0.064429	0.0965597	0.12859	0.160486	0.316807
15.3	0.0320207	0.0640084	0.0959305	0.127754	0.159446	0.314808
15.4	0.0318128	0.0635934	0.0953095	0.126929	0.15842	0.312834
15.5	0.0316076	0.0631836	0.0946964	0.126114	0.157406	0.310883
15.6	0.0314051	0.0627791	0.0940912	0.12531	0.156406	0.308957
15.7	0.0312051	0.0623798	0.0934937	0.124516	0.155418	0.307053
15.8	0.0310077	0.0619855	0.0929036	0.123732	0.154442	0.305173
15.9	0.0308127	0.0615962	0.092321	0.122958	0.153478	0.303315
16	0.0306202	0.0612117	0.0917456	0.122193	0.152527	0.301479
16.1	0.0304301	0.0608319	0.0911774	0.121438	0.151587	0.299665
16.2	0.0302423	0.0604569	0.0906161	0.120692	0.150658	0.297872
16.3	0.0300568	0.0600864	0.0900617	0.119955	0.149741	0.296101
16.4	0.0298736	0.0597205	0.089514	0.119228	0.148835	0.294349
16.5	0.0296926	0.059359	0.088973	0.118508	0.147939	0.292619
16.6	0.0295138	0.0590018	0.0884384	0.117798	0.147054	0.290907
16.7	0.0293371	0.0586489	0.0879102	0.117096	0.14618	0.289216
16.8	0.0291625	0.0583002	0.0873882	0.116402	0.145316	0.287544
16.9	0.02899	0.0579556	0.0868725	0.115716	0.144463	0.285891
17	0.0288195	0.0576151	0.0863627	0.115039	0.143619	0.284256
17.1	0.028651	0.0572785	0.0858589	0.114369	0.142785	0.282639
17.2	0.0284845	0.0569459	0.085361	0.113707	0.14196	0.281041
17.3	0.0283199	0.0566171	0.0848688	0.113052	0.141145	0.27946
17.4	0.0281572	0.056292	0.0843822	0.112405	0.140339	0.277897
17.5	0.0279963	0.0559707	0.0839011	0.111766	0.139543	0.276351
17.6	0.0278373	0.055653	0.0834255	0.111133	0.138755	0.274822
17.7	0.0276801	0.0553389	0.0829553	0.110508	0.137976	0.273309
17.8	0.0275246	0.0550283	0.0824903	0.10989	0.137206	0.271813
17.9	0.0273709	0.0547212	0.0820305	0.109278	0.136444	0.270333
18	0.0272189	0.0544175	0.0815758	0.108674	0.135691	0.268868
18.1	0.0270685	0.0541172	0.0811261	0.108076	0.134946	0.267419
18.2	0.0269198	0.0538201	0.0806813	0.107484	0.134209	0.265986
18.3	0.0267728	0.0535263	0.0802414	0.106899	0.13348	0.264568
18.4	0.0266273	0.0532357	0.0798062	0.10632	0.132759	0.263164
18.5	0.0264834	0.0529482	0.0793758	0.105748	0.132045	0.261775
18.6	0.026341	0.0526638	0.0789499	0.105181	0.131339	0.2604
18.7	0.0262002	0.0523824	0.0785286	0.104621	0.130641	0.25904
18.8	0.0260609	0.052104	0.0781117	0.104066	0.12995	0.257694
18.9	0.025923	0.0518286	0.0776993	0.103518	0.129266	0.256361
19	0.0257866	0.0515561	0.0772912	0.102975	0.12859	0.255042
19.1	0.0256516	0.0512864	0.0768873	0.102438	0.12792	0.253736
19.2	0.0255181	0.0510195	0.0764876	0.101906	0.127258	0.252444
19.3	0.0253859	0.0507554	0.0760921	0.10138	0.126602	0.251164
19.4	0.025255	0.050494	0.0757006	0.100859	0.125953	0.249897
19.5	0.0251256	0.0502352	0.0753131	0.100343	0.12531	0.248643
19.6	0.0249974	0.0499791	0.0749296	0.0998332	0.124674	0.247401
19.7	0.0248705	0.0497257	0.07455	0.0993281	0.124045	0.246171
19.8	0.0247449	0.0494747	0.0741742	0.0988281	0.123421	0.244953
19.9	0.0246206	0.0492263	0.0738021	0.0983331	0.122804	0.243747
20	0.0244975	0.0489804	0.0734338	0.097843	0.122193	0.242553
20.1	0.0243757	0.0487369	0.0730691	0.0973578	0.121589	0.241371
20.2	0.024255	0.0484958	0.072708	0.0968773	0.12099	0.240199
20.3	0.0241356	0.0482571	0.0723504	0.0964016	0.120397	0.239039
20.4	0.0240173	0.0480207	0.0719964	0.0959305	0.119809	0.23789
20.5	0.0239002	0.0477866	0.0716458	0.095464	0.119228	0.236752
20.6	0.0237842	0.0475549	0.0712986	0.095002	0.118652	0.235625
20.7	0.0236693	0.0473253	0.0709547	0.0945444	0.118081	0.234508
20.8	0.0235555	0.0470979	0.0706142	0.0940912	0.117516	0.233401
20.9	0.0234428	0.0468727	0.0702769	0.0936423	0.116956	0.232305
21	0.0233312	0.0466497	0.0699428	0.0931977	0.116402	0.231219
21.1	0.0232207	0.0464288	0.0696118	0.0927573	0.115853	0.230143
21.2	0.0231111	0.0462099	0.069284	0.092321	0.115309	0.229077
21.3	0.0230027	0.0459931	0.0689592	0.0918888	0.11477	0.228021
21.4	0.0228952	0.0457784	0.0686375	0.0914606	0.114236	0.226974
21.5	0.0227887	0.0455656	0.0683188	0.0910364	0.113707	0.225937
21.6	0.0226832	0.0453548	0.068003	0.0906161	0.113183	0.224909
21.7	0.0225787	0.0451459	0.0676901	0.0901997	0.112663	0.22389
21.8	0.0224752	0.044939	0.06738	0.089787	0.112149	0.22288
21.9	0.0223726	0.0447339	0.0670728	0.0893781	0.111639	0.22188
22	0.0222709	0.0445307	0.0667684	0.088973	0.111133	0.220888
22.1	0.0221701	0.0443293	0.0664667	0.0885714	0.110633	0.219905
22.2	0.0220703	0.0441298	0.0661678	0.0881735	0.110136	0.218931
22.3	0.0219713	0.043932	0.0658715	0.0877791	0.109644	0.217965
22.4	0.0218733	0.043736	0.0655778	0.0873882	0.109157	0.217007
22.5	0.0217761	0.0435418	0.0652868	0.0870008	0.108674	0.216058
22.6	0.0216797	0.0433492	0.0649983	0.0866169	0.108195	0.215117
22.7	0.0215842	0.0431584	0.0647124	0.0862362	0.10772	0.214185
22.8	0.0214896	0.0429692	0.064429	0.0858589	0.107249	0.21326
22.9	0.0213957	0.0427817	0.064148	0.0854849	0.106783	0.212343
23	0.0213027	0.0425958	0.0638695	0.0851142	0.10632	0.211434
23.1	0.0212105	0.0424115	0.0635934	0.0847466	0.105862	0.210532
23.2	0.0211191	0.0422288	0.0633196	0.0843822	0.105407	0.209638
23.3	0.0210285	0.0420477	0.0630482	0.0840209	0.104956	0.208752
23.4	0.0209386	0.0418681	0.0627791	0.0836627	0.104509	0.207873
23.5	0.0208496	0.04169	0.0625124	0.0833075	0.104066	0.207001
23.6	0.0207612	0.0415135	0.0622478	0.0829553	0.103627	0.206137
23.7	0.0206736	0.0413384	0.0619855	0.0826061	0.103191	0.205279
23.8	0.0205868	0.0411648	0.0617254	0.0822598	0.102759	0.204429
23.9	0.0205007	0.0409927	0.0614675	0.0819164	0.102331	0.203586
24	0.0204152	0.040822	0.0612117	0.0815758	0.101906	0.202749
24.1	0.0203305	0.0406527	0.060958	0.0812381	0.101485	0.20192
24.2	0.0202465	0.0404848	0.0607064	0.0809031	0.101067	0.201097
24.3	0.0201632	0.0403183	0.0604569	0.0805709	0.100652	0.200281
24.4	0.0200806	0.0401531	0.0602094	0.0802414	0.100241	0.199471
24.5	0.0199987	0.0399893	0.059964	0.0799146	0.0998332	0.198668
24.6	0.0199174	0.0398268	0.0597205	0.0795904	0.0994287	0.197871
24.7	0.0198368	0.0396657	0.059479	0.0792689	0.0990275	0.19708
24.8	0.0197568	0.0395058	0.0592394	0.0789499	0.0986295	0.196296
24.9	0.0196774	0.0393473	0.0590018	0.0786335	0.0982347	0.195518
25	0.0195987	0.0391899	0.0587661	0.0783196	0.097843	0.194746
25.1	0.0195207	0.0390339	0.0585322	0.0780082	0.0974544	0.19398
25.2	0.0194432	0.0388791	0.0583002	0.0776993	0.0970689	0.19322
25.3	0.0193664	0.0387255	0.05807	0.0773928	0.0966865	0.192466
25.4	0.0192901	0.0385731	0.0578417	0.0770887	0.096307	0.191718
25.5	0.0192145	0.0384219	0.0576151	0.076787	0.0959305	0.190975
25.6	0.0191395	0.0382719	0.0573903	0.0764876	0.0955569	0.190238
25.7	0.019065	0.038123	0.0571672	0.0761906	0.0951862	0.189507
25.8	0.0189911	0.0379754	0.0569459	0.0758958	0.0948184	0.188781
25.9	0.0189178	0.0378288	0.0567263	0.0756034	0.0944534	0.188061
26	0.018845	0.0376834	0.0565083	0.0753131	0.0940912	0.187347
26.1	0.0187728	0.0375391	0.056292	0.0750251	0.0937318	0.186637
26.2	0.0187012	0.0373958	0.0560774	0.0747393	0.0933751	0.185933
26.3	0.0186301	0.0372537	0.0558644	0.0744557	0.093021	0.185234
26.4	0.0185595	0.0371127	0.055653	0.0741742	0.0926697	0.184541
26.5	0.0184895	0.0369727	0.0554432	0.0738948	0.092321	0.183852
26.6	0.01842	0.0368338	0.055235	0.0736175	0.0919749	0.183169
26.7	0.018351	0.0366959	0.0550283	0.0733422	0.0916314	0.182491
26.8	0.0182826	0.036559	0.0548232	0.0730691	0.0912905	0.181818
26.9	0.0182146	0.0364232	0.0546196	0.0727979	0.090952	0.181149
27	0.0181472	0.0362883	0.0544175	0.0725288	0.0906161	0.180486
27.1	0.0180802	0.0361545	0.0542169	0.0722616	0.0902826	0.179827
27.2	0.0180137	0.0360216	0.0540178	0.0719964	0.0899516	0.179173
27.3	0.0179478	0.0358897	0.0538201	0.0717331	0.089623	0.178524
27.4	0.0178823	0.0357588	0.0536239	0.0714718	0.0892968	0.177879
27.5	0.0178172	0.0356288	0.0534291	0.0712123	0.088973	0.177239
27.6	0.0177527	0.0354998	0.0532357	0.0709547	0.0886514	0.176604
27.7	0.0176886	0.0353717	0.0530437	0.070699	0.0883322	0.175973
27.8	0.017625	0.0352445	0.052853	0.0704451	0.0880153	0.175347
27.9	0.0175618	0.0351182	0.0526638	0.0701931	0.0877007	0.174725
28	0.0174991	0.0349928	0.0524759	0.0699428	0.0873882	0.174107
28.1	0.0174368	0.0348684	0.0522893	0.0696943	0.087078	0.173494
28.2	0.017375	0.0347448	0.052104	0.0694475	0.08677	0.172885
28.3	0.0173136	0.034622	0.0519201	0.0692025	0.0864642	0.17228
28.4	0.0172527	0.0345002	0.0517374	0.0689592	0.0861605	0.171679
28.5	0.0171921	0.0343792	0.0515561	0.0687177	0.0858589	0.171083
28.6	0.017132	0.034259	0.0513759	0.0684778	0.0855595	0.170491
28.7	0.0170723	0.0341397	0.0511971	0.0682395	0.0852621	0.169902
28.8	0.0170131	0.0340212	0.0510195	0.068003	0.0849667	0.169318
28.9	0.0169542	0.0339035	0.0508431	0.067768	0.0846735	0.168738
29	0.0168957	0.0337867	0.0506679	0.0675347	0.0843822	0.168162
29.1	0.0168377	0.0336706	0.050494	0.067303	0.0840929	0.167589
29.2	0.01678	0.0335553	0.0503212	0.0670728	0.0838056	0.167021
29.3	0.0167228	0.0334409	0.0501496	0.0668443	0.0835202	0.166456
29.4	0.0166659	0.0333272	0.0499791	0.0666172	0.0832368	0.165895
29.5	0.0166094	0.0332142	0.0498099	0.0663917	0.0829553	0.165338
29.6	0.0165533	0.0331021	0.0496417	0.0661678	0.0826757	0.164785
29.7	0.0164976	0.0329906	0.0494747	0.0659453	0.0823979	0.164235
29.8	0.0164422	0.03288	0.0493088	0.0657243	0.0821221	0.163689
29.9	0.0163872	0.03277	0.0491441	0.0655048	0.081848	0.163146
30	0.0163326	0.0326608	0.0489804	0.0652868	0.0815758	0.162607
30.1	0.0162783	0.0325524	0.0488178	0.0650702	0.0813054	0.162072
30.2	0.0162245	0.0324446	0.0486563	0.0648551	0.0810368	0.16154
30.3	0.0161709	0.0323376	0.0484958	0.0646413	0.0807699	0.161011
30.4	0.0161177	0.0322313	0.0483364	0.064429	0.0805048	0.160486
30.5	0.0160649	0.0321256	0.048178	0.064218	0.0802414	0.159965
30.6	0.0160124	0.0320207	0.0480207	0.0640084	0.0799797	0.159446
30.7	0.0159602	0.0319164	0.0478644	0.0638002	0.0797198	0.158931
30.8	0.0159084	0.0318128	0.0477091	0.0635934	0.0794615	0.15842
30.9	0.0158569	0.0317099	0.0475549	0.0633878	0.0792049	0.157911
31	0.0158058	0.0316076	0.0474016	0.0631836	0.0789499	0.157406
31.1	0.015755	0.031506	0.0472493	0.0629807	0.0786966	0.156904
31.2	0.0157045	0.0314051	0.0470979	0.0627791	0.0784449	0.156406
31.3	0.0156543	0.0313048	0.0469476	0.0625788	0.0781948	0.15591
31.4	0.0156045	0.0312051	0.0467982	0.0623798	0.0779462	0.155418
31.5	0.0155549	0.0311061	0.0466497	0.062182	0.0776993	0.154928
31.6	0.0155057	0.0310077	0.0465022	0.0619855	0.0774539	0.154442
31.7	0.0154568	0.0309099	0.0463556	0.0617902	0.0772101	0.153959
31.8	0.0154082	0.0308127	0.0462099	0.0615962	0.0769677	0.153478
31.9	0.0153599	0.0307162	0.0460652	0.0614033	0.0767269	0.153001
32	0.0153119	0.0306202	0.0459213	0.0612117	0.0764876	0.152527
32.1	0.0152642	0.0305248	0.0457784	0.0610212	0.0762498	0.152055
32.2	0.0152168	0.0304301	0.0456363	0.0608319	0.0760135	0.151587
32.3	0.0151697	0.0303359	0.0454951	0.0606438	0.0757786	0.151121
32.4	0.0151229	0.0302423	0.0453548	0.0604569	0.0755452	0.150658
32.5	0.0150764	0.0301493	0.0452153	0.0602711	0.0753131	0.150198
32.6	0.0150301	0.0300568	0.0450767	0.0600864	0.0750826	0.149741
32.7	0.0149841	0.0299649	0.044939	0.0599029	0.0748534	0.149286
32.8	0.0149385	0.0298736	0.0448021	0.0597205	0.0746256	0.148835
32.9	0.0148931	0.0297828	0.044666	0.0595392	0.0743992	0.148385
33	0.0148479	0.0296926	0.0445307	0.059359	0.0741742	0.147939
33.1	0.0148031	0.0296029	0.0443963	0.0591799	0.0739505	0.147495
33.2	0.0147585	0.0295138	0.0442626	0.0590018	0.0737281	0.147054
33.3	0.0147142	0.0294252	0.0441298	0.0588248	0.0735071	0.146616
33.4	0.0146701	0.0293371	0.0439978	0.0586489	0.0732874	0.14618
33.5	0.0146263	0.0292496	0.0438665	0.058474	0.0730691	0.145747
33.6	0.0145828	0.0291625	0.043736	0.0583002	0.072852	0.145316
33.7	0.0145395	0.029076	0.0436063	0.0581274	0.0726362	0.144888
33.8	0.0144965	0.02899	0.0434774	0.0579556	0.0724217	0.144463
33.9	0.0144538	0.0289045	0.0433492	0.0577849	0.0722084	0.144039
34	0.0144113	0.0288195	0.0432218	0.0576151	0.0719964	0.143619
34.1	0.014369	0.028735	0.0430951	0.0574463	0.0717856	0.1432
34.2	0.014327	0.028651	0.0429692	0.0572785	0.0715761	0.142785
34.3	0.0142852	0.0285675	0.042844	0.0571117	0.0713678	0.142371
34.4	0.0142437	0.0284845	0.0427195	0.0569459	0.0711607	0.14196
34.5	0.0142024	0.028402	0.0425958	0.056781	0.0709547	0.141551
34.6	0.0141614	0.0283199	0.0424728	0.0566171	0.07075	0.141145
34.7	0.0141206	0.0282383	0.0423504	0.0564541	0.0705465	0.140741
34.8	0.01408	0.0281572	0.0422288	0.056292	0.0703441	0.140339
34.9	0.0140397	0.0280765	0.0421079	0.0561309	0.0701429	0.13994
35	0.0139995	0.0279963	0.0419876	0.0559707	0.0699428	0.139543
35.1	0.0139597	0.0279166	0.0418681	0.0558114	0.0697438	0.139148
35.2	0.01392	0.0278373	0.0417492	0.055653	0.069546	0.138755
35.3	0.0138806	0.0277585	0.041631	0.0554955	0.0693493	0.138364
35.4	0.0138414	0.0276801	0.0415135	0.0553389	0.0691537	0.137976
35.5	0.0138024	0.0276021	0.0413966	0.0551832	0.0689592	0.13759
35.6	0.0137636	0.0275246	0.0412804	0.0550283	0.0687658	0.137206
35.7	0.0137251	0.0274475	0.0411648	0.0548743	0.0685735	0.136824
35.8	0.0136867	0.0273709	0.0410499	0.0547212	0.0683823	0.136444
35.9	0.0136486	0.0272947	0.0409356	0.0545689	0.0681921	0.136066
36	0.0136107	0.0272189	0.040822	0.0544175	0.068003	0.135691
36.1	0.013573	0.0271435	0.040709	0.0542669	0.0678149	0.135317
36.2	0.0135355	0.0270685	0.0405966	0.0541172	0.0676278	0.134946
36.3	0.0134982	0.026994	0.0404848	0.0539682	0.0674418	0.134576
36.4	0.0134611	0.0269198	0.0403736	0.0538201	0.0672568	0.134209
36.5	0.0134243	0.0268461	0.0402631	0.0536728	0.0670728	0.133843
36.6	0.0133876	0.0267728	0.0401531	0.0535263	0.0668898	0.13348
36.7	0.0133511	0.0266998	0.0400438	0.0533806	0.0667079	0.133118
36.8	0.0133148	0.0266273	0.039935	0.0532357	0.0665269	0.132759
36.9	0.0132787	0.0265551	0.0398268	0.0530915	0.0663468	0.132401
37	0.0132429	0.0264834	0.0397193	0.0529482	0.0661678	0.132045
37.1	0.0132072	0.026412	0.0396123	0.0528056	0.0659897	0.131691
37.2	0.0131717	0.026341	0.0395058	0.0526638	0.0658126	0.131339
37.3	0.0131364	0.0262704	0.0394	0.0525227	0.0656364	0.130989
37.4	0.0131012	0.0262002	0.0392947	0.0523824	0.0654611	0.130641
37.5	0.0130663	0.0261304	0.0391899	0.0522428	0.0652868	0.130295
37.6	0.0130315	0.0260609	0.0390858	0.052104	0.0651134	0.12995
37.7	0.012997	0.0259918	0.0389822	0.0519659	0.0649409	0.129607
37.8	0.0129626	0.025923	0.0388791	0.0518286	0.0647694	0.129266
37.9	0.0129284	0.0258546	0.0387765	0.051692	0.0645987	0.128927
38	0.0128944	0.0257866	0.0386746	0.0515561	0.064429	0.12859
38.1	0.0128605	0.0257189	0.0385731	0.0514209	0.0642601	0.128254
38.2	0.0128269	0.0256516	0.0384722	0.0512864	0.0640921	0.12792
38.3	0.0127934	0.0255847	0.0383718	0.0511526	0.063925	0.127588
38.4	0.0127601	0.0255181	0.0382719	0.0510195	0.0637588	0.127258
38.5	0.0127269	0.0254518	0.0381725	0.0508871	0.0635934	0.126929
38.6	0.012694	0.0253859	0.0380737	0.0507554	0.0634288	0.126602
38.7	0.0126612	0.0253203	0.0379754	0.0506243	0.0632652	0.126277
38.8	0.0126285	0.025255	0.0378775	0.050494	0.0631023	0.125953
38.9	0.0125961	0.0251901	0.0377802	0.0503643	0.0629403	0.125631
39	0.0125638	0.0251256	0.0376834	0.0502352	0.0627791	0.12531
39.1	0.0125316	0.0250613	0.037587	0.0501069	0.0626188	0.124992
39.2	0.0124997	0.0249974	0.0374912	0.0499791	0.0624593	0.124674
39.3	0.0124679	0.0249338	0.0373958	0.0498521	0.0623005	0.124359
39.4	0.0124362	0.0248705	0.037301	0.0497257	0.0621426	0.124045
39.5	0.0124047	0.0248076	0.0372066	0.0495999	0.0619855	0.123732
39.6	0.0123734	0.0247449	0.0371127	0.0494747	0.0618292	0.123421
39.7	0.0123423	0.0246826	0.0370192	0.0493502	0.0616736	0.123112
39.8	0.0123112	0.0246206	0.0369263	0.0492263	0.0615189	0.122804
39.9	0.0122804	0.0245589	0.0368338	0.049103	0.0613649	0.122498
40	0.0122497	0.0244975	0.0367417	0.0489804	0.0612117	0.122193
40.1	0.0122191	0.0244365	0.0366501	0.0488583	0.0610592	0.12189
40.2	0.0121888	0.0243757	0.036559	0.0487369	0.0609075	0.121589
40.3	0.0121585	0.0243152	0.0364683	0.048616	0.0607566	0.121288
40.4	0.0121284	0.024255	0.0363781	0.0484958	0.0606064	0.12099
40.5	0.0120985	0.0241952	0.0362883	0.0483761	0.0604569	0.120692
40.6	0.0120687	0.0241356	0.036199	0.0482571	0.0603082	0.120397
40.7	0.012039	0.0240763	0.0361101	0.0481386	0.0601602	0.120102
40.8	0.0120095	0.0240173	0.0360216	0.0480207	0.0600129	0.119809
40.9	0.0119802	0.0239586	0.0359336	0.0479034	0.0598663	0.119518
41	0.0119509	0.0239002	0.035846	0.0477866	0.0597205	0.119228
41.1	0.0119219	0.023842	0.0357588	0.0476705	0.0595754	0.118939
41.2	0.0118929	0.0237842	0.035672	0.0475549	0.0594309	0.118652
41.3	0.0118641	0.0237266	0.0355857	0.0474398	0.0592872	0.118366
41.4	0.0118355	0.0236693	0.0354998	0.0473253	0.0591442	0.118081
41.5	0.011807	0.0236123	0.0354143	0.0472113	0.0590018	0.117798
41.6	0.0117786	0.0235555	0.0353292	0.0470979	0.0588601	0.117516
41.7	0.0117503	0.023499	0.0352445	0.0469851	0.0587192	0.117235
41.8	0.0117222	0.0234428	0.0351602	0.0468727	0.0585788	0.116956
41.9	0.0116942	0.0233869	0.0350763	0.046761	0.0584392	0.116678
42	0.0116664	0.0233312	0.0349928	0.0466497	0.0583002	0.116402
42.1	0.0116387	0.0232758	0.0349098	0.046539	0.0581619	0.116127
42.2	0.0116111	0.0232207	0.0348271	0.0464288	0.0580242	0.115853
42.3	0.0115837	0.0231658	0.0347448	0.0463191	0.0578872	0.11558
42.4	0.0115563	0.0231111	0.0346629	0.0462099	0.0577508	0.115309
42.5	0.0115292	0.0230568	0.0345813	0.0461013	0.0576151	0.115039
42.6	0.0115021	0.0230027	0.0345002	0.0459931	0.05748	0.11477
42.7	0.0114752	0.0229488	0.0344194	0.0458855	0.0573455	0.114502
42.8	0.0114483	0.0228952	0.034339	0.0457784	0.0572117	0.114236
42.9	0.0114217	0.0228418	0.034259	0.0456717	0.0570785	0.113971
43	0.0113951	0.0227887	0.0341794	0.0455656	0.0569459	0.113707
43.1	0.0113687	0.0227359	0.0341001	0.0454599	0.0568139	0.113444
43.2	0.0113423	0.0226832	0.0340212	0.0453548	0.0566825	0.113183
43.3	0.0113162	0.0226309	0.0339427	0.0452501	0.0565518	0.112922
43.4	0.0112901	0.0225787	0.0338645	0.0451459	0.0564216	0.112663
43.5	0.0112641	0.0225268	0.0337867	0.0450422	0.056292	0.112405
43.6	0.0112383	0.0224752	0.0337092	0.044939	0.0561631	0.112149
43.7	0.0112126	0.0224237	0.0336321	0.0448362	0.0560347	0.111893
43.8	0.011187	0.0223726	0.0335553	0.0447339	0.0559069	0.111639
43.9	0.0111615	0.0223216	0.0334789	0.0446321	0.0557797	0.111385
44	0.0111361	0.0222709	0.0334029	0.0445307	0.055653	0.111133
44.1	0.0111109	0.0222204	0.0333272	0.0444298	0.0555269	0.110882
44.2	0.0110857	0.0221701	0.0332518	0.0443293	0.0554014	0.110633
44.3	0.0110607	0.0221201	0.0331767	0.0442293	0.0552765	0.110384
44.4	0.0110358	0.0220703	0.0331021	0.0441298	0.0551521	0.110136
44.5	0.011011	0.0220207	0.0330277	0.0440307	0.0550283	0.10989
44.6	0.0109863	0.0219713	0.0329537	0.043932	0.0549051	0.109644
44.7	0.0109617	0.0219222	0.03288	0.0438338	0.0547824	0.1094
44.8	0.0109373	0.0218733	0.0328066	0.043736	0.0546602	0.109157
44.9	0.0109129	0.0218245	0.0327336	0.0436387	0.0545386	0.108915
45	0.0108887	0.0217761	0.0326608	0.0435418	0.0544175	0.108674
45.1	0.0108645	0.0217278	0.0325885	0.0434453	0.054297	0.108434
45.2	0.0108405	0.0216797	0.0325164	0.0433492	0.054177	0.108195
45.3	0.0108166	0.0216319	0.0324446	0.0432536	0.0540575	0.107957
45.4	0.0107927	0.0215842	0.0323732	0.0431584	0.0539385	0.10772
45.5	0.010769	0.0215368	0.0323021	0.0430636	0.0538201	0.107484
45.6	0.0107454	0.0214896	0.0322313	0.0429692	0.0537022	0.107249
45.7	0.0107219	0.0214426	0.0321607	0.0428752	0.0535848	0.107015
45.8	0.0106985	0.0213957	0.0320906	0.0427817	0.0534679	0.106783
45.9	0.0106752	0.0213491	0.0320207	0.0426885	0.0533515	0.106551
46	0.010652	0.0213027	0.0319511	0.0425958	0.0532357	0.10632
46.1	0.0106289	0.0212565	0.0318818	0.0425034	0.0531203	0.10609
46.2	0.0106059	0.0212105	0.0318128	0.0424115	0.0530054	0.105862
46.3	0.010583	0.0211647	0.0317441	0.04232	0.052891	0.105634
46.4	0.0105601	0.0211191	0.0316757	0.0422288	0.0527772	0.105407
46.5	0.0105374	0.0210737	0.0316076	0.042138	0.0526638	0.105181
46.6	0.0105148	0.0210285	0.0315398	0.0420477	0.0525509	0.104956
46.7	0.0104923	0.0209835	0.0314723	0.0419577	0.0524384	0.104732
46.8	0.0104699	0.0209386	0.0314051	0.0418681	0.0523265	0.104509
46.9	0.0104476	0.020894	0.0313381	0.0417789	0.052215	0.104287
47	0.0104253	0.0208496	0.0312715	0.04169	0.052104	0.104066
47.1	0.0104032	0.0208053	0.0312051	0.0416016	0.0519935	0.103846
47.2	0.0103812	0.0207612	0.031139	0.0415135	0.0518834	0.103627
47.3	0.0103592	0.0207173	0.0310732	0.0414258	0.0517739	0.103409
47.4	0.0103374	0.0206736	0.0310077	0.0413384	0.0516647	0.103191
47.5	0.0103156	0.0206301	0.0309424	0.0412514	0.0515561	0.102975
47.6	0.0102939	0.0205868	0.0308774	0.0411648	0.0514478	0.102759
47.7	0.0102724	0.0205436	0.0308127	0.0410786	0.0513401	0.102545
47.8	0.0102509	0.0205007	0.0307483	0.0409927	0.0512328	0.102331
47.9	0.0102295	0.0204579	0.0306841	0.0409071	0.0511259	0.102118
48	0.0102082	0.0204152	0.0306202	0.040822	0.0510195	0.101906
48.1	0.0101869	0.0203728	0.0305566	0.0407372	0.0509135	0.101695
48.2	0.0101658	0.0203305	0.0304932	0.0406527	0.050808	0.101485
48.3	0.0101448	0.0202885	0.0304301	0.0405686	0.0507029	0.101275
48.4	0.0101238	0.0202465	0.0303672	0.0404848	0.0505982	0.101067
48.5	0.0101029	0.0202048	0.0303046	0.0404014	0.050494	0.100859
48.6	0.0100821	0.0201632	0.0302423	0.0403183	0.0503901	0.100652
48.7	0.0100614	0.0201218	0.0301802	0.0402355	0.0502868	0.100446
48.8	0.0100408	0.0200806	0.0301184	0.0401531	0.0501838	0.100241
48.9	0.0100203	0.0200396	0.0300568	0.0400711	0.0500813	0.100037
49	0.00999983	0.0199987	0.0299955	0.0399893	0.0499791	0.0998332
49.1	0.00997947	0.0199579	0.0299344	0.0399079	0.0498774	0.0996306
49.2	0.00995918	0.0199174	0.0298736	0.0398268	0.0497761	0.0994287
49.3	0.00993898	0.019877	0.029813	0.0397461	0.0496753	0.0992277
49.4	0.00991887	0.0198368	0.0297527	0.0396657	0.0495748	0.0990275
49.5	0.00989883	0.0197967	0.0296926	0.0395856	0.0494747	0.0988281
49.6	0.00987887	0.0197568	0.0296328	0.0395058	0.0493751	0.0986295
49.7	0.00985899	0.019717	0.0295731	0.0394264	0.0492758	0.0984317
49.8	0.0098392	0.0196774	0.0295138	0.0393473	0.0491769	0.0982347
49.9	0.00981948	0.019638	0.0294547	0.0392684	0.0490784	0.0980385
